0 0.22952414021164022 0.7445758928571429 0.24115310846560845 0.7454940476190476 0.25155820105820104 0.7454940476190476 0.26808399470899474 0.7427398313492063 0.2803253968253968 0.739985367063492 0.2986871693121693 0.739985367063492 0.31031646825396825 0.7372311507936508 0.3139887566137566 0.7340178571428572 0.31031646825396825 0.7298864087301588 0.3066441798941799 0.7234598214285713 0.301135582010582 0.7211644345238095 0.2827734788359788 0.7193283730158729 0.2705324074074074 0.7202462797619047 0.2472738095238095 0.7234598214285713 0.24298941798941798 0.7234598214285713 0.23074801587301588 0.7257549603174603 0.22401554232804233 0.7330997023809525 0.21789484126984127 0.7418216765873016 0.22952414021164022 0.7445758928571429
0 0.4646789021164021 0.48696130952380956 0.46316832010582015 0.48718799603174606 0.4673981481481482 0.48786780753968256 0.47676421957671955 0.48900074404761906 0.48220271164021167 0.48900074404761906 0.4891517857142857 0.48900074404761906 0.4982156084656085 0.48877405753968256 0.5027476851851852 0.48832093253968256 0.5078839285714285 0.48786780753968256 0.508790343915344 0.48718799603174606 0.5042582671957672 0.485375 0.4957986111111111 0.484921875 0.490058201058201 0.484921875 0.48129629629629633 0.4851485615079365 0.4743472222222222 0.4851485615079365 0.47072156084656086 0.485828373015873 0.4646789021164021 0.48696130952380956
2 0.7996031746031746 0.5818452380952381 0.8035714285714286 0.5840773809523809 0.8154761904761905 0.5880456349206349 0.8518518518518519 0.5925099206349206 0.8845899470899471 0.5920138888888888 0.8984788359788359 0.5890376984126984 0.9007936507936508 0.5858134920634921 0.9007936507936508 0.5845734126984127 0.8981481481481481 0.5825892857142857 0.8835978835978836 0.5778769841269841 0.8544973544973545 0.5739087301587301 0.8356481481481481 0.5734126984126984 0.8141534391534392 0.5746527777777778 0.8009259259259259 0.5778769841269841 0.7996031746031746 0.5803571428571429 0.7996031746031746 0.5818452380952381
1 0.7628981481481482 0.5817197420634921 0.7602463624338625 0.5829129464285714 0.7577271825396826 0.5832113095238095 0.7566666666666666 0.5841061507936508 0.7569315476190476 0.5847028769841269 0.7573293650793651 0.5856971726190476 0.7560036375661376 0.5863933531746032 0.753882275132275 0.586890625 0.752556216931217 0.5884816468253968 0.7500373677248676 0.5886805555555555 0.7460595238095238 0.5892770337301587 0.7438055555555556 0.5896748511904761 0.7410214947089948 0.5901721230158731 0.7378392857142857 0.590470238095238 0.7358505291005291 0.5913653273809525 0.733463955026455 0.5915642361111111 0.7290886243386244 0.5921607142857143 0.7263042328042328 0.592359623015873 0.7243154761904762 0.5928568948412698 0.7232549603174603 0.5933541666666666 0.7215314153439154 0.5938511904761905 0.7204705687830688 0.5947462797619048 0.7200727513227513 0.5948457341269842 0.7159626322751322 0.5943484623015873 0.7135760582010582 0.5954422123015872 0.7114546957671957 0.5958400297619048 0.7073445767195768 0.5966356646825397 0.7034996693121692 0.5984255952380952 0.6993895502645503 0.5979283234126984 0.6934232804232804 0.5981272321428571 0.688119708994709 0.597828869047619 0.6848052248677249 0.5976299603174603 0.6812251984126985 0.5970332341269841 0.6784408068783069 0.5965362103174603 0.6757893518518518 0.5954422123015872 0.6692926587301588 0.5960389384920635 0.6658452380952381 0.595641121031746 0.6631934523809524 0.5952435515873016 0.6622655423280424 0.5953427579365079 0.6647847222222222 0.5961383928571429 0.6673039021164021 0.5965362103174603 0.6714140211640212 0.5966356646825397 0.6741980820105821 0.5965362103174603 0.6771150793650794 0.5976299603174603 0.6812251984126985 0.5982266865079365 0.683876984126984 0.5986242559523809 0.6885175264550265 0.5989226190476191 0.6926276455026454 0.5989226190476191 0.6958095238095239 0.5996187996031747 0.6959421296296296 0.6006130952380953 0.6940859788359789 0.6012098214285714 0.6920972222222223 0.6013092757936508 0.6890479497354497 0.601905753968254 0.686396164021164 0.6020052083333333 0.6849375000000001 0.6022041170634921 0.68400958994709 0.6029002976190475 0.6813578042328042 0.6037951388888889 0.6791038359788361 0.6037951388888889 0.6757893518518518 0.604391865079365 0.6700879629629629 0.6055850694444445 0.6680992063492064 0.6059828869047619 0.6659778439153439 0.6064801587301587 0.6662430555555555 0.6068777281746032 0.668364417989418 0.6067782738095239 0.6726071428571428 0.6067782738095239 0.6755241402116402 0.60628125 0.6792364417989418 0.6057839781746032 0.6828161375661375 0.6051872519841269 0.6857331349206349 0.6047896825396826 0.6875892857142857 0.6041929563492064 0.692229828042328 0.6041929563492064 0.6943511904761904 0.6052867063492063 0.6977986111111111 0.6055850694444445 0.7024388227513229 0.6058834325396826 0.7033670634920635 0.6053861607142857 0.7025714285714286 0.6040935019841269 0.7017761243386242 0.602999751984127 0.6996547619047618 0.600812003968254 0.7017761243386242 0.6004141865079364 0.7033670634920635 0.6001160714285715 0.7048253968253968 0.5995193452380952 0.707875 0.5983261408730158 0.7109246031746032 0.5973315972222222 0.7131782407407407 0.5968345734126984 0.7180839947089946 0.5974310515873016 0.7229897486772486 0.5971326884920635 0.7263042328042328 0.5974310515873016 0.7289560185185184 0.597828869047619 0.7322708333333334 0.5983261408730158 0.7367787698412698 0.5992209821428572 0.740093253968254 0.5999171626984127 0.7481808862433862 0.6029002976190475 0.7504348544973545 0.6037951388888889 0.7504348544973545 0.6045907738095239 0.7483134920634921 0.6050877976190476 0.7452642195767196 0.6060823412698413 0.7436729497354498 0.6064801587301587 0.7408888888888888 0.6076733630952381 0.7403584656084656 0.6090654761904761 0.7411541005291006 0.6098611111111111 0.7423472222222223 0.6112532242063492 0.744203373015873 0.6099605654761905 0.745662037037037 0.6079717261904762 0.7483134920634921 0.607076636904762 0.753882275132275 0.6071760912698413 0.7574619708994709 0.6069771825396825 0.7611742724867725 0.606579613095238 0.764621693121693 0.607375 0.766477843915344 0.6078722718253968 0.7700575396825396 0.6078722718253968 0.772178902116402 0.6080711805555555 0.7682013888888889 0.6069771825396825 0.7650195105820106 0.6064801587301587 0.7625003306878306 0.6052867063492063 0.7589203042328042 0.6039940476190476 0.7575945767195766 0.603298115079365 0.754942791005291 0.6023035714285714 0.7518935185185186 0.6012098214285714 0.7504348544973545 0.5988231646825397 0.7489765211640212 0.5982266865079365 0.7475181878306878 0.5970332341269841 0.7492417328042328 0.5950446428571428 0.7517609126984126 0.5935530753968254 0.7526888227513227 0.5925585317460317 0.7548101851851852 0.590967509920635 0.7575945767195766 0.5900726686507936 0.761439484126984 0.5891775793650793 0.7655496031746032 0.5900726686507936 0.7660800264550265 0.5918625992063492 0.7715162037037038 0.5928568948412698 0.7765542328042329 0.5931552579365079 0.7831835317460318 0.5941495535714285 0.7870287698412698 0.5952435515873016 0.7890175264550264 0.596436755952381 0.7902106481481482 0.5975305059523809 0.7923320105820106 0.5986242559523809 0.7939229497354497 0.5988231646825397 0.7979007936507936 0.5987237103174603 0.8008174603174604 0.5988231646825397 0.8025410052910052 0.5989226190476191 0.807579365079365 0.5996187996031747 0.810761574074074 0.5992209821428572 0.8131481481481482 0.6002152777777778 0.8160648148148149 0.6001160714285715 0.8187166005291006 0.6012098214285714 0.8201749338624338 0.6018065476190476 0.8226941137566138 0.6026019345238095 0.8254785052910052 0.6035962301587301 0.826671626984127 0.6047896825396826 0.8286603835978836 0.6041929563492064 0.8282628968253968 0.6030992063492063 0.8241527777777777 0.6013092757936508 0.8168604497354498 0.5995193452380952 0.8140760582010582 0.5987237103174603 0.8127503306878308 0.5982266865079365 0.8090376984126985 0.597828869047619 0.80585582010582 0.597828869047619 0.8029388227513228 0.5979283234126984 0.7989613095238096 0.5975305059523809 0.796176917989418 0.5967351190476191 0.793525462962963 0.5955416666666667 0.7898128306878306 0.5948457341269842 0.7866309523809524 0.5943484623015873 0.7818578042328043 0.5935530753968254 0.7762890211640212 0.5930558035714286 0.7739027777777778 0.5922601686507937 0.7717814153439154 0.5910669642857143 0.7703227513227514 0.5902715773809524 0.7679361772486772 0.589078125 0.7642238756613756 0.5883821924603174 0.7613068783068783 0.5870895337301587 0.7621025132275132 0.5863933531746032 0.7643564814814815 0.5860949900793652 0.7658148148148148 0.5854982638888888 0.7667430555555556 0.5848023313492063 0.7683339947089947 0.583907242063492 0.767140873015873 0.5831118551587301 0.7659474206349206 0.5822167658730159 0.7648869047619048 0.5817197420634921 0.7627655423280424 0.580625744047619 0.7628981481481482 0.5817197420634921
1 0.6170582010582011 0.5374893353174603 0.6175582010582011 0.5363645833333333 0.6184328703703704 0.5349588293650794 0.6184328703703704 0.5342090773809524 0.6181828703703703 0.5328968253968254 0.6185578703703704 0.5320533234126984 0.6175582010582011 0.5313035714285714 0.6159335317460318 0.5302728174603174 0.6148088624338625 0.5288668154761905 0.6135591931216932 0.5275548115079365 0.6133095238095237 0.5275548115079365 0.6136841931216931 0.5291480654761905 0.614559193121693 0.5307413194444445 0.6148088624338625 0.5321470734126985 0.6138091931216931 0.5343028273809525 0.6129345238095237 0.5357085813492063 0.6116848544973544 0.5366458333333333 0.6106851851851852 0.5375830853174602 0.6098105158730158 0.5382390873015873 0.6085608465608465 0.5385200892857143 0.6075611772486773 0.5385200892857143 0.6071861772486773 0.5398323412698413 0.6065615079365079 0.5401133432539683 0.6066865079365079 0.5405820932539682 0.6074361772486773 0.5411443452380952 0.6076861772486772 0.5423628472222222 0.606186507936508 0.5432998511904762 0.6045621693121693 0.5436748511904762 0.6085608465608465 0.5446121031746032 0.6104351851851851 0.5449868551587302 0.6126845238095239 0.5457366071428571 0.6154338624338624 0.5462991071428571 0.6166835317460317 0.5472361111111111 0.6170582010582011 0.5483608630952381 0.6179328703703704 0.5513598710317461 0.6213068783068784 0.551641121031746 0.6233062169312169 0.551266121031746 0.6225565476190477 0.5498603670634921 0.6230565476190476 0.5484546130952381 0.6250558862433863 0.547985863095238 0.6264302248677249 0.5477986111111112 0.6283048941798941 0.5474236111111112 0.6299292328042327 0.5480796130952381 0.6326785714285714 0.548267113095238 0.6359272486772487 0.5480796130952381 0.6395512566137566 0.5487358630952381 0.6416755952380953 0.5477986111111112 0.6420505952380953 0.5465801091269842 0.6439249338624339 0.5463926091269841 0.6451746031746032 0.5463926091269841 0.6489232804232804 0.5463926091269841 0.6521722883597884 0.5462053571428572 0.6555462962962963 0.5471426091269842 0.654171626984127 0.5484546130952381 0.6554212962962963 0.5497666170634921 0.6572956349206349 0.5492981150793651 0.6599199735449736 0.549672867063492 0.6614196428571428 0.5492981150793651 0.6624193121693122 0.548267113095238 0.6619193121693122 0.5472361111111111 0.6635439814814815 0.5465801091269842 0.6660429894179895 0.5464863591269842 0.6661679894179894 0.5483608630952381 0.6676676587301588 0.5486421130952381 0.6692919973544974 0.549485615079365 0.672041335978836 0.5493918650793651 0.6764146825396825 0.5492981150793651 0.6779143518518518 0.5492981150793651 0.6799136904761905 0.5487358630952381 0.681788029100529 0.547985863095238 0.6806633597883598 0.5471426091269842 0.6785390211640212 0.5465801091269842 0.6779143518518518 0.5451743551587301 0.6805386904761905 0.5456428571428572 0.6825380291005291 0.5462053571428572 0.6850370370370371 0.5467676091269841 0.688661044973545 0.5459241071428572 0.6936593915343916 0.5460178571428571 0.6972833994708995 0.5469551091269841 0.6997824074074074 0.5471426091269842 0.702281746031746 0.5465801091269842 0.7049060846560846 0.5462053571428572 0.7077800925925927 0.5466738591269841 0.7107791005291005 0.5462053571428572 0.7119037698412698 0.5458303571428571 0.7111541005291006 0.5440496031746033 0.7141531084656085 0.5435811011904762 0.7184017857142857 0.5440496031746033 0.7214007936507937 0.5440496031746033 0.7276488095238095 0.5443308531746032 0.7310228174603174 0.5445183531746032 0.7343968253968254 0.5444246031746032 0.7361461640211641 0.5444246031746032 0.7388955026455026 0.5446121031746032 0.7372708333333333 0.5456428571428572 0.7371458333333333 0.5471426091269842 0.7376458333333333 0.5481733630952381 0.7402698412698413 0.547985863095238 0.7413945105820106 0.5469551091269841 0.7428941798941799 0.5455493551587302 0.7441438492063492 0.5453618551587301 0.7445185185185185 0.5440496031746033 0.7460181878306877 0.5421753472222222 0.7468928571428571 0.5418003472222223 0.7470178571428572 0.5412380952380952 0.7462681878306878 0.5404883432539682 0.7445185185185185 0.5402070932539682 0.7451435185185185 0.5397385912698413 0.7475178571428572 0.5394573412698412 0.7490171957671957 0.5392698412698412 0.7547655423280424 0.5390825892857143 0.7623882275132275 0.5386138392857143 0.7682612433862435 0.5386138392857143 0.7743842592592592 0.5389888392857143 0.7757589285714286 0.5386138392857143 0.7707605820105821 0.5379578373015873 0.7690109126984127 0.5379578373015873 0.7605135582010583 0.5376765873015873 0.757014880952381 0.5380515873015873 0.7531408730158731 0.5376765873015873 0.7518915343915343 0.5372080853174603 0.7503918650793651 0.5364583333333334 0.7477675264550264 0.5358023313492064 0.7471428571428572 0.5355210813492064 0.7467678571428572 0.5339278273809523 0.7487671957671957 0.5330843253968255 0.7488921957671958 0.5323345734126984 0.7478925264550265 0.5317723214285714 0.7460181878306877 0.5317723214285714 0.7446435185185185 0.5313035714285714 0.7428941798941799 0.5312098214285714 0.7416445105820106 0.5314910714285714 0.7407698412698414 0.5321470734126985 0.7421445105820106 0.5331780753968254 0.7407698412698414 0.5338340773809523 0.7400201719576719 0.5340215773809525 0.7388955026455026 0.5353335813492064 0.7398951719576721 0.5357085813492063 0.7377708333333333 0.5365520833333334 0.736021164021164 0.5366458333333333 0.6975333994708994 0.5373018353174602 0.6940343915343916 0.5372080853174603 0.6919100529100528 0.5373018353174602 0.6897857142857142 0.5375830853174602 0.6740406746031746 0.5374893353174603 0.6170582010582011 0.5374893353174603
1 0.33373842592592595 0.6030997023809523 0.3313075396825397 0.6044020337301588 0.3299183201058201 0.6066158234126984 0.327661044973545 0.6075275297619047 0.31880555555555556 0.6081785714285715 0.31567989417989417 0.6079181547619048 0.3120333994708995 0.6081785714285715 0.3052612433862434 0.608048363095238 0.2934537037037037 0.6092204861111111 0.30144113756613755 0.6092204861111111 0.3064768518518518 0.6092204861111111 0.3099497354497355 0.6092204861111111 0.31585350529100525 0.6089600694444445 0.32332010582010584 0.6090902777777777 0.32731382275132276 0.6092204861111111 0.32783465608465606 0.6100017361111111 0.3252301587301587 0.6124761904761905 0.3250565476190476 0.6131274801587302 0.32366732804232806 0.6140389384920635 0.32227810846560845 0.6144298115079365 0.32158366402116406 0.6165133928571429 0.31828439153439153 0.6185969742063492 0.31689550264550265 0.6189878472222222 0.31515906084656087 0.6219831349206348 0.31290145502645506 0.6243273809523809 0.3099497354497355 0.6244575892857143 0.30821329365079364 0.6234156746031746 0.3040459656084656 0.6228948412698413 0.3019623015873016 0.6230250496031745 0.29987863756613753 0.6239365079365079 0.29605853174603175 0.6249784226190476 0.28824437830687827 0.625108630952381 0.28095171957671955 0.6252388392857143 0.27730522486772485 0.625499255952381 0.2727903439153439 0.6258901289682539 0.2686230158730159 0.6260203373015873 0.2654976851851852 0.6264109623015872 0.2618511904761905 0.627452876984127 0.2562946428571429 0.627452876984127 0.2516061507936508 0.6275830853174603 0.24761243386243387 0.628234126984127 0.24396593915343917 0.6281039186507936 0.24014583333333334 0.6279737103174603 0.23702050264550265 0.627843501984127 0.2311164021164021 0.6279737103174603 0.2274702380952381 0.6284945436507937 0.22243452380952383 0.6295364583333334 0.21791997354497356 0.6300575396825396 0.21427347883597883 0.630578373015873 0.21236342592592594 0.631750496031746 0.20576488095238094 0.6320109126984127 0.20420205026455024 0.630968998015873 0.20194477513227516 0.631359623015873 0.19569378306878307 0.6304481646825397 0.1944781746031746 0.632141121031746 0.19031084656084657 0.6316202876984127 0.18631712962962962 0.6316202876984127 0.18284424603174604 0.632141121031746 0.17937136243386242 0.632141121031746 0.1732939814814815 0.6320109126984127 0.17155753968253967 0.633313244047619 0.16756382275132276 0.6331830357142858 0.1632228835978836 0.6334434523809523 0.1599236111111111 0.6330528273809524 0.1580135582010582 0.633313244047619 0.1545406746031746 0.6339642857142856 0.15245701058201058 0.634485367063492 0.15037334656084655 0.6342247023809524 0.1491577380952381 0.6338340773809524 0.149505291005291 0.6326619543650793 0.14446957671957672 0.6327921626984128 0.13960747354497355 0.632922619047619 0.1356137566137566 0.6334434523809523 0.12901554232804233 0.6338340773809524 0.12450066137566138 0.634094494047619 0.11911805555555556 0.634094494047619 0.11286673280423282 0.6338340773809524 0.10800496031746033 0.6330528273809524 0.10592129629629629 0.6322713293650795 0.10731018518518518 0.6307085813492063 0.10956779100529102 0.6288854166666668 0.11078306878306877 0.627843501984127 0.11286673280423282 0.626671378968254 0.1144295634920635 0.625108630952381 0.11529794973544974 0.6238062996031746 0.11199867724867726 0.6245877976190477 0.10974140211640211 0.6258901289682539 0.10783134920634921 0.627843501984127 0.10678935185185184 0.628625 0.10296924603174604 0.6307085813492063 0.09567625661375662 0.6316202876984127 0.09289814814814815 0.632141121031746 0.09255092592592594 0.6337038690476191 0.09237731481481481 0.6346155753968253 0.0918561507936508 0.6356572420634921 0.0920297619047619 0.6369595734126984 0.09428736772486772 0.6382619047619048 0.09446097883597883 0.6385223214285715 0.09168253968253968 0.6396944444444445 0.08595238095238096 0.6411269841269841 0.08039583333333333 0.6409967757936508 0.07744411375661375 0.6408665674603174 0.07258201058201058 0.6411269841269841 0.06789384920634921 0.6416480654761905 0.06390013227513228 0.6417782738095238 0.060774470899470905 0.6417782738095238 0.053307870370370374 0.6416480654761905 0.049661375661375656 0.6421688988095238 0.04584126984126984 0.6417782738095238 0.04358399470899471 0.6421688988095238 0.03837466931216931 0.6426897321428571 0.03386011904761905 0.6430806051587301 0.029519179894179896 0.6433410218253969 0.025525132275132277 0.6432108134920634 0.020316137566137565 0.6430806051587301 0.018232473544973544 0.6437316468253967 0.019968584656084656 0.6458154761904762 0.013023148148148148 0.6467269345238096 0.006424603174603175 0.6471175595238094 0.008334656084656085 0.6452943948412699 0.009029431216931217 0.6442524801587302 0.008161044973544973 0.6432108134920634 0.007466600529100529 0.6428199404761904 0.002361441798941799 0.6424293154761905 0 0.6434712301587302 0.00010416666666666667 0.6492013888888889 0.003403439153439153 0.6489409722222222 0.005139880952380952 0.6490711805555555 0.009828042328042328 0.6497222222222222 0.013127314814814816 0.6489409722222222 0.017468253968253966 0.6477688492063493 0.02180919312169312 0.647248015873016 0.02597685185185185 0.6473782242063492 0.028754960317460318 0.6481594742063492 0.031707010582010586 0.6478990575396826 0.04004166666666666 0.6475084325396825 0.048202711640211636 0.6463363095238095 0.053238425925925925 0.6456850198412698 0.056884920634920635 0.6452943948412699 0.060010582010582014 0.6450339781746032 0.060184193121693125 0.6456850198412698 0.054974867724867725 0.6475084325396825 0.05289120370370371 0.6490711805555555 0.04716104497354498 0.6516758432539682 0.044208994708994705 0.6538896329365079 0.04160449735449735 0.6555825892857143 0.03813161375661376 0.6571455853174603 0.03639517195767196 0.658578125 0.03153339947089947 0.660922123015873 0.02927579365079365 0.6619640376984127 0.027365740740740743 0.6640476190476191 0.03205423280423281 0.6646989087301587 0.03396428571428571 0.6654801587301588 0.03309589947089947 0.6669126984126985 0.028581349206349208 0.6670429067460317 0.02337202380952381 0.6689965277777777 0.01937830687830688 0.6696475694444444 0.013300925925925926 0.670689484126984 0.006007936507936507 0.6729035218253968 0.0007986111111111112 0.6735545634920634 0 0.6738149801587302 0.00045138888888888887 0.6800662202380953 0.004618716931216931 0.6791545138888889 0.008959986772486772 0.6781125992063493 0.01208531746031746 0.6779823908730159 0.01607903439153439 0.6782428075396826 0.02024669312169312 0.6795451388888889 0.021461970899470897 0.679935763888889 0.024414021164021166 0.6813683035714286 0.02771329365079365 0.6813683035714286 0.029623346560846562 0.6811078869047619 0.03153339947089947 0.681889384920635 0.04143088624338625 0.6821498015873015 0.048202711640211636 0.6831917162698412 0.05705853174603174 0.6830615079365079 0.06261507936507937 0.6824102182539683 0.07008167989417989 0.6817591765873016 0.07390178571428573 0.6821498015873015 0.07980555555555556 0.6825404265873016 0.08414649470899471 0.6843638392857143 0.08848776455026455 0.6855357142857142 0.09022387566137566 0.6868380456349207 0.09248148148148148 0.6898333333333333 0.09734325396825397 0.6910054563492064 0.10411541005291006 0.6910054563492064 0.10793551587301586 0.688921875 0.11123445767195766 0.6890520833333332 0.11331845238095238 0.6902242063492063 0.11765939153439155 0.6916567460317461 0.12651488095238095 0.6923077876984127 0.13189781746031745 0.6902242063492063 0.13554431216931218 0.6891822916666667 0.14231646825396826 0.6874893353174603 0.15013029100529102 0.6867078373015874 0.15586044973544974 0.6855357142857142 0.16159060846560847 0.6848846726190476 0.16766798941798944 0.6854055059523809 0.1727037037037037 0.685796378968254 0.18173313492063492 0.6841031746031746 0.18746329365079364 0.6824102182539683 0.19197784391534392 0.6809776785714287 0.1947559523809524 0.681889384920635 0.19683961640211642 0.683452132936508 0.20135449735449734 0.6842333829365079 0.20604265873015873 0.6848846726190476 0.21698214285714285 0.6856659226190476 0.21732936507936507 0.6844940476190476 0.21003637566137565 0.6837125496031745 0.20604265873015873 0.6820195932539682 0.20447982804232803 0.6808474702380952 0.2070846560846561 0.6782428075396826 0.21107837301587304 0.6762894345238095 0.2162876984126984 0.6730337301587301 0.2195866402116402 0.6700384424603174 0.22531679894179893 0.6661314484126984 0.23174173280423283 0.6637872023809523 0.253099537037037 0.6627452876984127 0.2675119047619048 0.6619640376984127 0.27688855820105823 0.6607919146825397 0.28296593915343915 0.660531498015873 0.28643882275132276 0.660140873015873 0.28991137566137565 0.6588385416666667 0.29303703703703704 0.6548013392857143 0.2978991402116402 0.6469873511904761 0.3036292989417989 0.6425595238095239 0.30744940476190474 0.6390434027777778 0.3088174603174603 0.6367175099206349 0.31020667989417994 0.6351547619047619 0.31229034391534394 0.6321594742063492 0.3155896164021164 0.6285128968253969 0.31749966931216933 0.6262988591269841 0.3207989417989418 0.623563988095238 0.32305621693121694 0.6210897817460317 0.3261815476190476 0.6192663690476191 0.3289599867724868 0.6169223710317461 0.3305228174603175 0.6148385416666666 0.3324328703703704 0.6123643353174603 0.33364814814814814 0.6097596726190476 0.33555820105820106 0.6070248015873015 0.33903108465608467 0.6040295138888889 0.3414619708994709 0.6020758928571429 0.34285119047619045 0.6005131448412698 0.3391213624338624 0.601015873015873 0.33373842592592595 0.6030997023809523
0 0.00043617724867724866 0.7967433035714285 0.004798941798941799 0.7970706845238096 0.009597883597883598 0.7965798611111111 0.016578373015873015 0.7960890376984128 0.02246792328042328 0.7965798611111111 0.03206613756613757 0.7960890376984128 0.044281746031746026 0.7939620535714286 0.05104398148148148 0.7908536706349207 0.0612962962962963 0.7864365079365079 0.061078373015873016 0.7825099206349206 0.05824239417989418 0.7797286706349207 0.05344345238095238 0.7790744047619048 0.048208002645502644 0.7789107142857143 0.04013723544973545 0.7812011408730158 0.0381739417989418 0.7794015376984127 0.03490178571428572 0.7758023313492063 0.03381117724867725 0.7735119047619048 0.03730125661375661 0.7723665674603174 0.03882837301587302 0.7704035218253967 0.03468353174603175 0.7707306547619047 0.02879398148148148 0.7723665674603174 0.02574007936507936 0.7736755952380953 0.021813492063492063 0.7759660218253969 0.017232804232804235 0.7794015376984127 0.009816137566137566 0.7818556547619048 0.0052351190476190475 0.7833281249999999 0.0010906084656084657 0.7882361111111111 0 0.7952710813492063 0.00043617724867724866 0.7967433035714285
1 0.0381739417989418 0.7728573908730159 0.039918981481481486 0.7713851686507937 0.04580853174603175 0.7692581845238095 0.04973511904761905 0.7682765376984126 0.05606117724867725 0.7656589781746033 0.06064186507936508 0.7630414186507937 0.06325958994708994 0.7607509920634921 0.06500462962962963 0.758624007936508 0.0700218253968254 0.7573152281746032 0.07307572751322751 0.756170138888889 0.07525694444444445 0.7548611111111111 0.08289186507936508 0.753388888888889 0.08725462962962963 0.7514255952380953 0.09423478835978837 0.7476626984126984 0.1001246693121693 0.7456994047619048 0.10230588624338624 0.7442269345238095 0.10405092592592592 0.7419365079365079 0.10448743386243386 0.7399734623015872 0.11234027777777778 0.7370285218253968 0.11561243386243387 0.7362105654761905 0.12302910052910053 0.7347380952380952 0.12848247354497355 0.7327748015873016 0.13197255291005291 0.7309751984126984 0.13415376984126984 0.7299935515873015 0.13611706349206348 0.728030505952381 0.1337175925925926 0.7283576388888888 0.12935482804232803 0.7272123015873015 0.12695535714285713 0.725249255952381 0.12346527777777777 0.7260672123015873 0.11844808201058202 0.7273759920634921 0.11321296296296296 0.7286847718253968 0.1105952380952381 0.7314660218253969 0.10906812169312169 0.7322839781746031 0.10601421957671957 0.7342472718253968 0.10405092592592592 0.7368648313492064 0.09903406084656084 0.7401369047619047 0.09663458994708995 0.7430818452380953 0.09270800264550264 0.7463539186507936 0.08812698412698412 0.7481535218253967 0.08245568783068784 0.7506076388888888 0.07831084656084657 0.7517527281746031 0.07373015873015873 0.753061507936508 0.06936739417989418 0.755515625 0.06500462962962963 0.7566607142857144 0.061078373015873016 0.7592785218253968 0.05933300264550265 0.7614052579365079 0.05584292328042328 0.7633685515873015 0.049516865079365084 0.766640625 0.04471792328042328 0.7679494047619048 0.039700727513227514 0.769749007936508 0.0381739417989418 0.7728573908730159
1 0.06216898148148148 0.7812011408730158 0.06478637566137566 0.7812011408730158 0.06784027777777778 0.780874007936508 0.07525694444444445 0.7800560515873016 0.07852910052910053 0.7790744047619048 0.08223743386243386 0.7787472718253968 0.08550958994708996 0.7779290674603175 0.09030853174603175 0.7762931547619047 0.09358068783068783 0.7762931547619047 0.10077910052910052 0.7756386408730159 0.10470535714285716 0.7756386408730159 0.10645072751322751 0.7756386408730159 0.11277645502645503 0.7749843750000001 0.1169212962962963 0.7741661706349207 0.12215641534391534 0.7733482142857142 0.13000925925925927 0.772203125 0.1334996693121693 0.7723665674603174 0.13328141534391535 0.7736755952380953 0.129573082010582 0.777438244047619 0.12041137566137566 0.780219494047619 0.11583035714285715 0.7807103174603175 0.11190410052910053 0.7816919642857143 0.10885019841269841 0.7818556547619048 0.10296031746031745 0.7812011408730158 0.10099702380952381 0.7787472718253968 0.09750694444444444 0.7785835813492062 0.09707076719576718 0.7800560515873016 0.09641633597883598 0.7813648313492064 0.09358068783068783 0.7826736111111111 0.08965410052910053 0.7834915674603175 0.09423478835978837 0.7843095238095238 0.10077910052910052 0.7848003472222222 0.10666865079365079 0.7857819940476191 0.11386739417989418 0.7857819940476191 0.11997519841269841 0.7844732142857143 0.12782804232804235 0.7823464781746031 0.13175429894179894 0.7794015376984127 0.13502645502645502 0.7782564484126984 0.14026190476190475 0.777765625 0.14767824074074073 0.777438244047619 0.15553141534391535 0.7764565972222222 0.16120271164021163 0.7749843750000001 0.16491104497354497 0.7761294642857143 0.16752876984126985 0.7772748015873017 0.17210978835978838 0.7784198908730159 0.17996263227513226 0.7790744047619048 0.18563425925925925 0.777765625 0.18868816137566136 0.7794015376984127 0.19065112433862433 0.780874007936508 0.1908693783068783 0.7807103174603175 0.19610482804232804 0.7761294642857143 0.19937665343915342 0.7738390376984128 0.20155820105820105 0.7704035218253967 0.20395767195767198 0.7671314484126984 0.20330324074074074 0.7645136408730158 0.2085383597883598 0.7623869047619047 0.21377380952380953 0.7609144345238096 0.21377380952380953 0.760423611111111 0.21093783068783067 0.7591148313492064 0.21355555555555555 0.7560064484126984 0.2124649470899471 0.7540431547619048 0.21573710317460318 0.7488080357142857 0.2179183201058201 0.7438998015873016 0.220317791005291 0.7389918154761904 0.22293551587301588 0.7355560515873016 0.22293551587301588 0.7313025793650794 0.21966335978835977 0.7286847718253968 0.2166094576719577 0.7265580357142857 0.2124649470899471 0.724921875 0.21006547619047622 0.7241039186507936 0.2019943783068783 0.7232859623015874 0.19675892857142857 0.7229588293650793 0.19414153439153436 0.7223043154761906 0.18890608465608463 0.7219771825396826 0.18868816137566136 0.7226314484126984 0.192614417989418 0.7236130952380952 0.1971954365079365 0.7242676091269841 0.2028670634920635 0.724921875 0.2076660052910053 0.7262309027777778 0.21224669312169311 0.7281939484126984 0.2139917328042328 0.7298301091269842 0.21530059523809522 0.7317934027777777 0.21639120370370368 0.736374255952381 0.21508267195767194 0.7401369047619047 0.21268320105820104 0.7453722718253968 0.21137433862433863 0.7486443452380953 0.20897486772486773 0.749953125 0.20722949735449736 0.7519164186507936 0.2052665343915344 0.7537160218253969 0.20373941798941797 0.7571515376984127 0.20090376984126984 0.7609144345238096 0.19850429894179897 0.7617323908730158 0.192614417989418 0.7645136408730158 0.1908693783068783 0.7653318452380953 0.18694279100529101 0.7684402281746032 0.1838888888888889 0.7682765376984126 0.1821438492063492 0.7674585813492063 0.1758181216931217 0.7686039186507937 0.17232771164021166 0.769749007936508 0.16752876984126985 0.7695853174603174 0.1598941798941799 0.7699126984126984 0.15465873015873016 0.7695853174603174 0.14615145502645502 0.7690944940476191 0.1382986111111111 0.7700761408730159 0.1289186507936508 0.7700761408730159 0.12215641534391534 0.7700761408730159 0.11561243386243387 0.7707306547619047 0.10841369047619048 0.7715486111111111 0.10056084656084656 0.7723665674603174 0.09336243386243386 0.7735119047619048 0.08594576719576719 0.7748206845238096 0.07809292328042328 0.7767839781746032 0.06565906084656084 0.7794015376984127 0.06216898148148148 0.7812011408730158
0 0.5894950396825397 0.6962229662698413 0.5900195105820106 0.6974030257936508 0.5918551587301587 0.7007465277777778 0.5936908068783069 0.7050734126984127 0.5957886904761904 0.7111701388888889 0.5986732804232804 0.7160870535714285 0.5986732804232804 0.7206106150793651 0.6062777777777778 0.7221840277777778 0.6091623677248678 0.7215939980158731 0.6102113095238095 0.7229707341269841 0.6094246031746032 0.7269040178571429 0.6096868386243386 0.7302475198412699 0.615193783068783 0.7328043154761904 0.6214871031746032 0.7341810515873015 0.6280429894179894 0.7345744047619048 0.6345988756613756 0.736344494047619 0.6411544312169313 0.7377212301587303 0.6458746693121693 0.7383110119047619 0.6547906746031746 0.7383110119047619 0.6602972883597884 0.7394910714285715 0.6673776455026456 0.742047867063492 0.6710489417989418 0.7432279265873016 0.6778670634920635 0.7428345734126984 0.684422619047619 0.7428345734126984 0.6886183862433862 0.7414578373015873 0.6930763888888888 0.7369345238095238 0.6954365079365079 0.7330009920634921 0.702254298941799 0.7288707837301587 0.7030410052910053 0.7263139880952381 0.7014675925925925 0.7229707341269841 0.7059255952380953 0.720217261904762 0.7130059523809524 0.7158903769841269 0.7185125661375662 0.7131369047619047 0.732411044973545 0.7109734623015873 0.741588955026455 0.709203373015873 0.749718253968254 0.7086135912698412 0.7599451058201059 0.7070401785714285 0.7609940476190477 0.7064501488095238 0.7586339285714285 0.7044833829365079 0.7573227513227513 0.7009432043650794 0.7557493386243386 0.6993697916666667 0.7476203703703704 0.6987797619047619 0.7436868386243387 0.6975997023809525 0.7392288359788359 0.6952395833333334 0.735295634920635 0.6934697420634921 0.7313621031746033 0.6911096230158731 0.727166335978836 0.6907162698412698 0.7234950396825397 0.6895362103174604 0.7192992724867725 0.6871760912698412 0.7179880952380953 0.6889461805555556 0.7179880952380953 0.6934697420634921 0.7161527777777779 0.6970096726190476 0.7148416005291005 0.6974030257936508 0.7090724206349207 0.6993697916666667 0.7033032407407408 0.7007465277777778 0.6956987433862434 0.701139880952381 0.6854715608465608 0.7013365575396826 0.6802268518518518 0.701139880952381 0.6707867063492063 0.701139880952381 0.6652797619047619 0.7013365575396826 0.6561018518518518 0.7003531746031746 0.6511193783068783 0.6999598214285714 0.6448257275132275 0.6993697916666667 0.6419411375661376 0.6983864087301587 0.6330254629629629 0.695829613095238 0.6285674603174604 0.6960262896825398 0.6230605158730159 0.695829613095238 0.6159804894179894 0.6956329365079365 0.607588955026455 0.6962229662698413 0.5955264550264551 0.6962229662698413 0.5894950396825397 0.6962229662698413
0 0.48880224867724864 0.782811755952381 0.4911901455026455 0.785139880952381 0.4933392857142857 0.7889007936507937 0.4959659391534391 0.7917663690476191 0.49668220899470905 0.7958854166666667 0.4923839285714286 0.7983928571428571 0.4859368386243386 0.7974972718253969 0.4773402777777778 0.7998256448412698 0.47256448412698415 0.8028700396825397 0.4663558201058201 0.8048400297619047 0.4594312169312169 0.8059146825396825 0.4558492063492064 0.8064518849206349 0.4448647486772487 0.8071684027777778 0.4398501984126984 0.8077056051587301 0.4393726851851852 0.8112874503968254 0.440088955026455 0.8145111607142856 0.4379401455026455 0.8163020833333333 0.44629761904761905 0.8171974206349206 0.45226752645502644 0.8182720734126985 0.456087962962963 0.8202420634920634 0.45775958994709 0.8248983134920634 0.45489417989417985 0.8263311011904761 0.45441633597883596 0.8299129464285714 0.4568042328042328 0.8338529265873016 0.46492328042328046 0.8331366567460318 0.4763852513227513 0.8333157242063493 0.4845039682539683 0.834748511904762 0.495010582010582 0.836360367063492 0.5031296296296296 0.838688492063492 0.5157853835978836 0.8406584821428571 0.5277248677248677 0.8431659226190477 0.5301127645502646 0.8451359126984127 0.5339335317460318 0.8476431051587302 0.538948082010582 0.8444193948412698 0.5425297619047619 0.8406584821428571 0.5492159391534391 0.838688492063492 0.5535142195767195 0.8349275793650793 0.5587675264550265 0.8320620039682539 0.5661699735449736 0.8306294642857143 0.5788257275132275 0.829733878968254 0.5833627645502645 0.8286594742063492 0.5905264550264551 0.829375744047619 0.5950634920634921 0.8300920138888889 0.5998392857142857 0.8291966765873016 0.60819708994709 0.829375744047619 0.6105849867724868 0.8288385416666667 0.6122562830687831 0.8257938988095238 0.6096296296296296 0.8236448412698413 0.6058091931216931 0.8222120535714286 0.5984064153439154 0.8213164682539682 0.5936306216931216 0.8234657738095238 0.5814523809523809 0.8223911210317459 0.5759603174603174 0.8197048611111112 0.5680803571428571 0.8182720734126985 0.5609166666666666 0.8179139384920635 0.5580512566137567 0.8152274305555555 0.556140873015873 0.8105711805555555 0.549932208994709 0.8053774801587302 0.5439626322751323 0.8028700396825397 0.538948082010582 0.8009000496031745 0.5375152116402117 0.7978554067460317 0.538948082010582 0.7930200892857142 0.538948082010582 0.7912291666666667 0.5370376984126984 0.7883635912698412 0.5351273148148148 0.7865726686507936 0.5317843915343915 0.7810208333333334 0.5317843915343915 0.7786927083333333 0.5315456349206349 0.7769017857142857 0.5315456349206349 0.7749317956349207 0.529874007936508 0.7722452876984127 0.528202380952381 0.7715290178571428 0.5227103174603175 0.7717080853174604 0.5203224206349206 0.7738571428571429 0.5165016534391534 0.7743943452380952 0.5114871031746032 0.7743943452380952 0.5064725529100529 0.7752899305555556 0.4988313492063492 0.7765436507936507 0.4928614417989418 0.7763643353174603 0.48808564814814814 0.7774389880952381 0.4873693783068783 0.7779761904761905 0.48880224867724864 0.782811755952381
1 0.16667493386243384 0.8237740575396825 0.16478802910052912 0.8245997023809524 0.16887632275132275 0.8258968253968254 0.17217824074074076 0.8258968253968254 0.1764239417989418 0.8254250992063492 0.18239880952380952 0.8263685515873016 0.18774503968253967 0.8268402777777778 0.19230522486772486 0.8269583333333332 0.19529265873015875 0.8274300595238094 0.20016699735449733 0.8276659226190476 0.2064566798941799 0.8288452380952381 0.2091299603174603 0.8284913194444444 0.21195998677248676 0.827312003968254 0.21903604497354498 0.8274300595238094 0.22375330687830688 0.8283663194444444 0.22768419312169313 0.8273050595238095 0.23224404761904763 0.8277767857142857 0.23475992063492063 0.8280126488095239 0.23648974867724867 0.8268333333333333 0.24104960317460317 0.826125744047619 0.24560945767195766 0.8247105654761905 0.24843981481481484 0.8230595238095239 0.25252810846560847 0.8228236607142857 0.2572453703703704 0.8214084821428571 0.2619626322751323 0.8207008928571428 0.26715145502645504 0.8210545634920635 0.2732840608465608 0.8212904265873017 0.2802023809523809 0.822469742063492 0.28491964285714283 0.8237671130952381 0.28837896825396825 0.8237671130952381 0.293567791005291 0.8231773313492063 0.2984424603174603 0.82353125 0.3042602513227513 0.8236490575396825 0.31054993386243385 0.8229414682539682 0.3204560185185185 0.822233878968254 0.3262738095238095 0.8207008928571428 0.3309910714285714 0.8194037698412698 0.3303621031746032 0.8182244543650794 0.3250162037037037 0.8178705357142857 0.3195125661375661 0.8184603174603174 0.3144808201058201 0.8201111111111111 0.31165046296296295 0.8202291666666667 0.30441765873015875 0.8204650297619047 0.30174437830687834 0.8208187003968255 0.2981279761904762 0.8196396329365079 0.2905803571428571 0.8204650297619047 0.28554861111111113 0.8199933035714286 0.2833472222222222 0.8184603174603174 0.27973082010582007 0.817281001984127 0.27281216931216934 0.8163375496031746 0.26840939153439153 0.8159836309523809 0.2619626322751323 0.8146865079365079 0.2649500661375661 0.8122098214285715 0.2668369708994709 0.8102051091269841 0.2693528439153439 0.8080823412698412 0.27579993386243384 0.8051341765873016 0.28177480158730156 0.8031292162698412 0.2857060185185185 0.8019499007936508 0.28963690476190473 0.8005347222222222 0.29435416666666664 0.7986478174603175 0.29985747354497355 0.7978224206349207 0.3069335317460318 0.7968789682539683 0.31149338624338624 0.7968789682539683 0.31982705026455027 0.7955815972222222 0.3251732804232804 0.7960297619047619 0.3328779761904762 0.7952043650793651 0.3368091931216931 0.7931994047619048 0.33476488095238094 0.7903692956349205 0.33618022486772486 0.7868313492063492 0.3320919312169312 0.7873030753968254 0.3231292989417989 0.7874208829365079 0.3195125661375661 0.7860057043650794 0.3213994708994709 0.7848263888888889 0.3256448412698413 0.7818782242063492 0.33114847883597887 0.7819960317460317 0.33728075396825397 0.780345238095238 0.339010582010582 0.7810525793650794 0.3416835317460317 0.7818782242063492 0.3421550925925926 0.782703621031746 0.33790972222222226 0.786359623015873 0.3416835317460317 0.7857698412698413 0.3459289021164021 0.7830575396825397 0.3508035714285714 0.7809347718253968 0.3537910052910053 0.7786941964285715 0.35850826719576717 0.7759816468253968 0.36589847883597887 0.7748023313492064 0.37045866402116406 0.7743306051587302 0.3728171296296296 0.7722078373015873 0.3701441798941799 0.7705567956349207 0.3611812169312169 0.7712643849206349 0.35850826719576717 0.7698492063492064 0.36039517195767196 0.7673727678571428 0.36149570105820106 0.7651321924603175 0.36794279100529104 0.7624196428571428 0.3706157407407407 0.7637170138888888 0.3739179894179894 0.7644246031746031 0.3765909391534391 0.7618301091269841 0.3786349206349206 0.7573487103174603 0.38130820105820107 0.7545183531746031 0.3871259920634921 0.7512162698412699 0.3896418650793651 0.7488576388888888 0.38932738095238095 0.7459094742063492 0.38775496031746026 0.7429613095238095 0.39027083333333334 0.7398950892857143 0.39420171957671957 0.7370647321428571 0.39137136243386245 0.7367108134920636 0.3880694444444444 0.7374184027777778 0.3836666666666667 0.7374184027777778 0.38067923280423277 0.7377723214285714 0.3808363095238095 0.7395411706349206 0.38240873015873017 0.7418998015873016 0.38177976190476187 0.744376240079365 0.37989285714285714 0.7464990079365079 0.37784887566137565 0.7495652281746031 0.3767480158730159 0.7534570932539683 0.37517559523809524 0.7549900793650793 0.3715591931216931 0.7548722718253968 0.36747089947089945 0.7538107638888888 0.3666848544973545 0.7512162698412699 0.3657414021164021 0.7476783234126985 0.366212962962963 0.7457914186507937 0.36904332010582014 0.7429613095238095 0.3701441798941799 0.7400128968253968 0.3747040343915344 0.7374184027777778 0.37313161375661374 0.736828869047619 0.3685717592592592 0.7374184027777778 0.36637037037037035 0.7393053075396825 0.3657414021164021 0.7414280753968254 0.3646405423280423 0.7434330357142857 0.36008068783068786 0.7449660218253968 0.35662136243386244 0.7463812003968254 0.36039517195767196 0.7470887896825398 0.36243915343915345 0.7482681051587301 0.362911044973545 0.7501550099206349 0.3646405423280423 0.7533390376984127 0.36747089947089945 0.7558157242063492 0.36841435185185184 0.7574665178571428 0.366212962962963 0.7591175595238095 0.3608667328042328 0.7627735615079365 0.3581937830687831 0.759235615079365 0.35945171957671956 0.7572306547619048 0.36212466931216936 0.7552259424603175 0.3583508597883598 0.7555798611111111 0.35457738095238095 0.7544005456349206 0.353162037037037 0.7515701884920635 0.3520615079365079 0.7508625992063492 0.3519041005291005 0.7495652281746031 0.35221858465608463 0.7468529265873016 0.3534765211640212 0.744376240079365 0.35441997354497357 0.741781994047619 0.35394841269841265 0.7400128968253968 0.3528445767195767 0.7380793650793651 0.35161937830687834 0.7417549603174602 0.34794411375661377 0.7468085317460318 0.34794411375661377 0.7507137896825398 0.3552949735449736 0.758983630952381 0.3543759920634921 0.763577876984127 0.34978174603174605 0.7679424603174604 0.34059325396825396 0.770469494047619 0.3366114417989418 0.7718477182539683 0.3344672619047619 0.7750637400793651 0.33171064814814816 0.7778204365079365 0.32864781746031746 0.7794283234126984 0.3170089285714286 0.7819553571428571 0.311801917989418 0.7840228174603174 0.30904530423280424 0.7842524801587302 0.30108201058201056 0.7844821428571429 0.2971001984126984 0.787468501984127 0.29556878306878304 0.7895359623015873 0.29066798941798944 0.7920627480158731 0.2863799603174603 0.7964273313492064 0.2793353174603175 0.8003325892857143 0.27075925925925926 0.8026297123015873 0.257895171957672 0.8065349702380953 0.25238194444444445 0.8074538690476191 0.24533730158730158 0.8104402281746033 0.24196825396825397 0.8106698908730159 0.23369841269841268 0.809061755952381 0.22634755291005293 0.8099806547619048 0.2229781746031746 0.8106698908730159 0.21532109788359788 0.8125074404761905 0.20980787037037035 0.8161830357142857 0.2076636904761905 0.8177909226190476 0.20490707671957673 0.8228447420634921 0.20398842592592592 0.8228447420634921 0.1984751984126984 0.8226150793650794 0.18714252645502644 0.8235339781746032 0.18132308201058203 0.8228447420634921 0.17703505291005292 0.8230744047619047 0.1715218253968254 0.8228447420634921 0.16667493386243384 0.8237740575396825
1 0.7890535714285715 0.7067648809523809 0.794788029100529 0.7067648809523809 0.810844246031746 0.7067648809523809 0.8184900793650793 0.7064781746031746 0.8284298941798942 0.708485119047619 0.837604828042328 0.7093454861111111 0.8471620370370371 0.7087720734126983 0.8624540343915345 0.7087720734126983 0.8758343253968255 0.7087720734126983 0.8884497354497355 0.7081984126984128 0.8999186507936507 0.7093454861111111 0.910623015873016 0.7096321924603175 0.917886574074074 0.7093454861111111 0.923238425925926 0.7093454861111111 0.9316491402116401 0.7099188988095239 0.9427354497354496 0.7102056051587301 0.9549689153439154 0.7119258432539682 0.9668201058201059 0.7127859623015873 0.9851699735449736 0.7147931547619047 0.9962566137566137 0.7145064484126984 0.9977857142857143 0.7107790178571428 0.9909044312169312 0.7081984126984128 0.9798181216931217 0.708485119047619 0.9652906746031746 0.7079117063492064 0.9549689153439154 0.7061914682539683 0.9480876322751323 0.7061914682539683 0.9381481481481482 0.7044712301587301 0.9171220238095238 0.7030374503968254 0.904506283068783 0.7041845238095238 0.8850092592592592 0.7047579365079365 0.8704821428571429 0.7027507440476191 0.8590132275132275 0.7010305059523809 0.8452506613756614 0.697016369047619 0.8322526455026454 0.6924288194444445 0.8200191798941798 0.6901351686507936 0.8142850529100529 0.6875545634920635 0.8051097883597884 0.6846875 0.7974639550264551 0.682967261904762 0.7917294973544974 0.6792398313492064 0.7729973544973544 0.6757991071428572 0.7611461640211641 0.6712115575396825 0.7450899470899471 0.6649037698412698 0.7366792328042328 0.6608896329365079 0.7301802248677249 0.6591693948412699 0.7351501322751323 0.656015376984127 0.7427959656084656 0.6531483134920635 0.7489126984126984 0.6499942956349206 0.7458544973544974 0.649420882936508 0.7397377645502646 0.6517147817460317 0.7328564814814814 0.6531483134920635 0.7252106481481481 0.6551552579365079 0.7187116402116402 0.6571624503968254 0.7080072751322751 0.6571624503968254 0.6973032407407407 0.6557286706349207 0.6946269841269842 0.6574491567460318 0.704566798941799 0.6597428075396825 0.711830357142857 0.6606029265873016 0.7240638227513227 0.662610119047619 0.7305628306878308 0.6643303571428572 0.741266865079365 0.6660505952380953 0.7557939814814816 0.6720716765873016 0.7642043650793652 0.6755124007936508 0.7787318121693122 0.6803866567460317 0.7859953703703704 0.682967261904762 0.7951703042328042 0.6858343253968254 0.8070214947089948 0.6909952876984127 0.8081683201058201 0.695296130952381 0.803962962962963 0.7007437996031746 0.7921117724867724 0.7053313492063492 0.777202380952381 0.7053313492063492 0.7890535714285715 0.7067648809523809
1 0.2798769841269841 0.6724278273809523 0.2810248015873016 0.6741498015873016 0.2835505952380952 0.6765605158730158 0.28378009259259257 0.6803489583333333 0.28584656084656085 0.6813819444444444 0.3021478174603175 0.6818985615079365 0.30834689153439154 0.6822430555555555 0.3115611772486772 0.6832762896825396 0.31798974867724866 0.6843095238095238 0.3221223544973545 0.6844816468253968 0.3255664682539683 0.6846537698412698 0.3313062169312169 0.686031498015873 0.33865343915343915 0.6877532242063492 0.34485251322751326 0.6882698412698413 0.35265873015873017 0.6884422123015873 0.359546626984127 0.6889588293650794 0.36390873015873015 0.6893030753968253 0.36827116402116405 0.6893030753968253 0.37883267195767195 0.6894751984126984 0.3852612433862434 0.6893030753968253 0.3939857804232804 0.6887864583333333 0.40087367724867723 0.6908529265873016 0.4054656084656084 0.6908529265873016 0.4141901455026455 0.6901641865079365 0.4231445105820106 0.6913695436507936 0.42980291005291005 0.6917137896825396 0.43646097883597884 0.6917137896825396 0.4431193783068783 0.6927470238095238 0.45046626984126986 0.693780257936508 0.4605684523809524 0.693608134920635 0.4699821428571429 0.6953301091269841 0.47755853174603174 0.694468998015873 0.4812321428571429 0.694468998015873 0.4977628968253968 0.6949856150793651 0.5080949074074074 0.6960188492063492 0.5124570105820107 0.6960188492063492 0.5188859126984128 0.6963630952380953 0.5287585978835978 0.6970520833333333 0.5374831349206349 0.6970520833333333 0.5425340608465609 0.6979129464285715 0.5464371693121692 0.6982574404761904 0.5535548941798942 0.6975684523809523 0.55860582010582 0.6984295634920635 0.5657232142857143 0.6991183035714286 0.5723816137566138 0.6994627976190476 0.5790400132275132 0.6998070436507936 0.5861574074074074 0.6984295634920635 0.5806471560846561 0.6975684523809523 0.5737592592592593 0.6970520833333333 0.5698561507936507 0.6972242063492063 0.5666418650793651 0.6968797123015873 0.5634272486772487 0.6973963293650793 0.55860582010582 0.6965354662698413 0.555162037037037 0.6965354662698413 0.551488425925926 0.6960188492063492 0.5471259920634921 0.6955022321428571 0.5432228835978836 0.6955022321428571 0.5358759920634921 0.6949856150793651 0.5299064153439154 0.694641121031746 0.5250849867724867 0.694468998015873 0.5200337301587302 0.694124503968254 0.5147529761904762 0.6932636408730158 0.5101613756613756 0.693952380952381 0.5078654100529101 0.693780257936508 0.5005181878306878 0.6927470238095238 0.49294146825396823 0.6924025297619048 0.4872017195767196 0.6908529265873016 0.48490575396825397 0.6908529265873016 0.4750330687830688 0.6903363095238095 0.4692933201058201 0.6908529265873016 0.4635532407407408 0.6894751984126984 0.4543693783068783 0.6887864583333333 0.44633366402116403 0.6880977182539683 0.44288988095238097 0.6882698412698413 0.43600198412698415 0.6880977182539683 0.42980291005291005 0.6870644841269842 0.423603835978836 0.6879255952380953 0.4178637566137566 0.6872368551587301 0.409598544973545 0.686547867063492 0.4038584656084656 0.6867202380952382 0.40041468253968254 0.686547867063492 0.3951339285714286 0.685514880952381 0.3903125 0.685342509920635 0.38503174603174606 0.686547867063492 0.3808988095238095 0.6868923611111112 0.37699570105820107 0.6868923611111112 0.3749295634920635 0.686203621031746 0.3701078042328042 0.686203621031746 0.3655162037037037 0.6868923611111112 0.357021164021164 0.6877532242063492 0.3549546957671958 0.6870644841269842 0.3505922619047619 0.6867202380952382 0.3476074735449735 0.6868923611111112 0.3384239417989418 0.685170386904762 0.33452050264550265 0.6839650297619048 0.33061739417989416 0.6820709325396825 0.3285512566137566 0.6810376984126985 0.3276329365079365 0.6822430555555555 0.32189285714285715 0.6827596726190477 0.30972420634920633 0.6813819444444444 0.3078875661375661 0.6794878472222222 0.30122916666666666 0.6803489583333333 0.2950300925925926 0.6798323412698413 0.2899791666666667 0.6793157242063492 0.2872238756613757 0.677765873015873 0.28538723544973543 0.6736331845238095 0.28332076719576715 0.6713945932539683 0.2810248015873016 0.6707058531746032 0.2801064814814815 0.669672619047619 0.2773515211640212 0.6713945932539683 0.2798769841269841 0.6724278273809523
1 0.4499179894179894 0.8413588789682539 0.45054563492063493 0.8446555059523809 0.4499179894179894 0.8479523809523809 0.4461501322751322 0.8493650793650793 0.4420684523809524 0.8512490079365079 0.443010582010582 0.8550166170634921 0.443010582010582 0.8590195932539683 0.43924272486772487 0.8630228174603175 0.4332774470899471 0.8672614087301587 0.4301378968253968 0.8693807043650793 0.4232304894179894 0.8738546626984127 0.41883498677248676 0.8762095734126985 0.41569510582010577 0.8795062003968254 0.41663723544973547 0.8860994543650794 0.42040476190476195 0.8910446428571429 0.42260251322751324 0.8938702876984127 0.4263700396825397 0.8962249503968255 0.42699801587301583 0.8992862103174604 0.4282539682539682 0.9009345238095239 0.4323356481481482 0.9006991567460317 0.4320214947089947 0.8971669146825396 0.430765873015873 0.8929283234126983 0.4298237433862434 0.8875124007936508 0.4279401455026455 0.8858640873015873 0.42166071428571433 0.8823318452380952 0.42260251322751324 0.8802125496031745 0.42699801587301583 0.877857886904762 0.428567791005291 0.8755029761904761 0.4301378968253968 0.8729129464285714 0.4348472222222222 0.8698516865079365 0.4386150793650794 0.8672614087301587 0.44269642857142855 0.8642001488095238 0.44583630952380954 0.8620808531746031 0.4474060846560846 0.8585488591269841 0.4489758597883598 0.8540746527777777 0.45148776455026457 0.8524263392857143 0.4539993386243386 0.8496006944444445 0.4543134920634921 0.8474813988095238 0.4543134920634921 0.8441845238095238 0.45588326719576716 0.8413588789682539 0.4587089947089947 0.838062251984127 0.46090674603174603 0.8354719742063492 0.45839517195767193 0.8352366071428572 0.4511736111111111 0.8390042162698412 0.4499179894179894 0.8413588789682539
1 0.44473313492063493 0.9129675099206349 0.4425859788359789 0.9127886904761905 0.4428244047619048 0.9142202380952381 0.44401752645502646 0.9154727182539683 0.4511752645502646 0.9154727182539683 0.45236805555555554 0.9142202380952381 0.4557083333333333 0.9136832837301587 0.46071891534391535 0.9131465773809523 0.4650135582010582 0.914578125 0.46525198412698415 0.9161884920634921 0.47002380952380957 0.9192306547619048 0.47384126984126984 0.9197673611111111 0.4807602513227513 0.920125248015873 0.48720238095238094 0.9190515873015873 0.49078108465608467 0.9174412202380953 0.49650727513227516 0.9140411706349207 0.5034265873015873 0.9127886904761905 0.5101071428571429 0.9118938492063492 0.5148789682539682 0.910641369047619 0.5220367063492063 0.9095677083333333 0.52561541005291 0.9075992063492063 0.5299100529100529 0.9070625 0.5356362433862434 0.9061676587301588 0.5401696428571429 0.9041994047619047 0.5458958333333334 0.9047361111111112 0.5518604497354498 0.9059888392857143 0.5594953703703703 0.9079570932539682 0.568323082010582 0.9102834821428571 0.5709477513227513 0.9075992063492063 0.5668915343915344 0.9052730654761905 0.5664143518518518 0.9033045634920635 0.5652215608465608 0.899904761904762 0.5623584656084656 0.8986522817460317 0.5561550925925927 0.895968005952381 0.5559166666666667 0.8911366567460318 0.5566322751322752 0.8877366071428571 0.5568710317460318 0.8812946428571429 0.5566322751322752 0.877 0.5537691798941798 0.8721686507936508 0.5516220238095239 0.869842261904762 0.5458958333333334 0.8623266369047619 0.5444642857142857 0.8596426091269842 0.5401696428571429 0.8566004464285715 0.5363521825396825 0.8532006448412699 0.5380221560846561 0.8510533234126985 0.5384993386243386 0.8490848214285714 0.5353978174603174 0.8478323412698413 0.5313416005291005 0.8478323412698413 0.5322959656084656 0.8535585317460317 0.535875 0.8567795138888888 0.5377837301587302 0.8582110615079365 0.541124007936508 0.8623266369047619 0.542316798941799 0.8657266865079365 0.5456570767195768 0.869842261904762 0.5511448412698413 0.8734211309523809 0.5509060846560847 0.8761054067460318 0.5516220238095239 0.8802209821428572 0.5525763888888889 0.8839789186507937 0.5532919973544973 0.8871999007936509 0.5506676587301588 0.8925682043650793 0.5461342592592593 0.8952522321428572 0.5430327380952381 0.8957891865079365 0.5346818783068783 0.8977574404761904 0.5299100529100529 0.899904761904762 0.5270469576719576 0.901515128968254 0.5203664021164021 0.9033045634920635 0.5115386904761905 0.9045572916666668 0.5043809523809524 0.9058097718253968 0.500801917989418 0.9063467261904762 0.4972232142857143 0.9077782738095238 0.4950757275132275 0.9083149801587301 0.48887235449735444 0.9097465277777778 0.4807602513227513 0.9108201884920635 0.4733640873015873 0.9111780753968254 0.4659679232804233 0.909030753968254 0.46119609788359783 0.9097465277777778 0.4542767857142857 0.9118938492063492 0.44807341269841267 0.9122517361111111 0.44473313492063493 0.9129675099206349