0 0.3232289186507937 0.6923194444444445 0.32605605158730155 0.6954606481481481 0.3321812996031746 0.6954606481481481 0.34113368055555554 0.6910628306878307 0.34537425595238097 0.6866650132275132 0.3524419642857143 0.675985119047619 0.36045213293650796 0.6747285052910053 0.3703469742063492 0.6715873015873016 0.3712891865079365 0.6653048941798942 0.3741163194444444 0.6577662037037038 0.3830687003968254 0.6514837962962963 0.3920210813492063 0.6464580026455026 0.39626165674603175 0.6439447751322751 0.3995600198412699 0.6408035714285714 0.3990887896825397 0.6357777777777778 0.39626165674603175 0.6364060846560846 0.3924923115079365 0.6395472883597884 0.3830687003968254 0.6426884920634921 0.3769434523809524 0.644573082010582 0.36469270833333334 0.6464580026455026 0.3595096726190476 0.6489708994708995 0.35055729166666666 0.6508554894179894 0.34348958333333335 0.6527404100529101 0.33595089285714286 0.6590224867724868 0.330296626984127 0.6684460978835979 0.3255848214285714 0.6747285052910053 0.31993055555555555 0.6835238095238095 0.3232289186507937 0.6923194444444445
0 0.45573685515873014 0.5937738095238095 0.46155208333333336 0.5933657407407408 0.4670612599206349 0.5933657407407408 0.47104017857142855 0.5913253968253968 0.4747130456349206 0.5864282407407407 0.4799161706349206 0.5852040343915343 0.4900166170634921 0.5815310846560846 0.4998107638888889 0.582755291005291 0.5062380952380953 0.5831633597883599 0.5157261904761905 0.5835717592592593 0.5233779761904762 0.5815310846560846 0.5322539682539682 0.5790826719576719 0.5374570932539683 0.575817791005291 0.5417420634920636 0.5737774470899472 0.5457209821428572 0.5721451719576719 0.5448028273809524 0.568880291005291 0.5368449900793651 0.5684722222222222 0.533172123015873 0.5684722222222222 0.5264387400793651 0.5643912037037038 0.5246021825396825 0.5607185846560847 0.522765873015873 0.557045634920635 0.5215416666666667 0.5554133597883598 0.5163385416666667 0.5558214285714286 0.5114412202380952 0.5562294973544973 0.504095734126984 0.5590859788359788 0.4964439484126984 0.5623508597883597 0.4921589781746032 0.5635750661375661 0.4872619047619048 0.5639831349206349 0.48083432539682536 0.5647992724867725 0.4786919642857143 0.5652073412698413 0.4741009424603175 0.5643912037037038 0.46889781746031745 0.5643912037037038 0.46553100198412695 0.5668399470899471 0.4621641865079365 0.5696964285714285 0.4572671130952381 0.5750016534391534 0.45420634920634917 0.5798988095238096 0.45267609126984126 0.5819391534391535 0.4517579365079365 0.5843878968253968 0.45022743055555553 0.5872443783068783 0.4493092757936508 0.5888766534391534 0.4511458333333333 0.5905092592592592 0.45573685515873014 0.5937738095238095
0 0.9681111111111111 0.5955089285714286 0.9575587797619047 0.5958363095238095 0.9511783234126984 0.5964907407407407 0.9386629464285714 0.5955089285714286 0.9261473214285715 0.5958363095238095 0.9119139384920635 0.5951818783068783 0.9008710317460317 0.5919097222222222 0.8937542162698413 0.5870016534391534 0.8863921130952381 0.5827480158730158 0.8807480158730159 0.5807847222222222 0.8787847222222223 0.5794761904761905 0.8782938988095238 0.5762040343915344 0.8807480158730159 0.5742407407407407 0.8844290674603175 0.5712959656084656 0.8844290674603175 0.5709689153439154 0.8807480158730159 0.5680238095238095 0.8780486111111111 0.5680238095238095 0.8733859126984127 0.5699871031746032 0.8694595734126984 0.5762040343915344 0.8684779265873016 0.5807847222222222 0.8765761408730158 0.5870016534391534 0.8817296626984127 0.5892919973544973 0.8878645833333333 0.591255291005291 0.8935089285714286 0.593545634920635 0.8920364583333333 0.5961633597883598 0.8888462301587301 0.5977992724867724 0.8542445436507936 0.5951818783068783 0.8137532242063492 0.5919097222222222 0.7921577380952382 0.5951818783068783 0.7877405753968254 0.5951818783068783 0.7852864583333333 0.5945274470899471 0.7825870535714285 0.5915826719576719 0.7762065972222222 0.5928912037037037 0.7634456845238096 0.5925641534391535 0.7541205357142857 0.5932185846560847 0.7447951388888889 0.5915826719576719 0.7315434027777779 0.5948544973544974 0.718782490079365 0.5922371031746032 0.7168194444444445 0.5896193783068783 0.713874503968254 0.5879834656084656 0.7121567460317461 0.5866746031746032 0.6984141865079365 0.5892919973544973 0.6873710317460318 0.5873290343915344 0.6566959325396825 0.5817665343915344 0.6301924603174603 0.5755496031746031 0.6243028273809523 0.5735863095238095 0.6085969742063492 0.5788217592592593 0.605406746031746 0.5765310846560847 0.5963268849206349 0.5788217592592593 0.604670634920635 0.5817665343915344 0.6125235615079365 0.5847113095238095 0.6189040178571428 0.5863472222222222 0.623812003968254 0.5919097222222222 0.6235667162698413 0.5945274470899471 0.6193948412698413 0.5994355158730159 0.6201309523809524 0.6049980158730158 0.6213578869047619 0.6082698412698412 0.625529761904762 0.607942791005291 0.6338735119047618 0.6056521164021164 0.6510515873015873 0.6102331349206349 0.6790275297619047 0.6138323412698413 0.6927700892857143 0.6115419973544974 0.7173102678571429 0.6164500661375661 0.7325250496031747 0.615468253968254 0.7629548611111111 0.6200492724867724 0.7965751488095238 0.6246299603174603 0.8012375992063493 0.6272476851851851 0.8233239087301587 0.6236484788359788 0.8446738591269841 0.6298654100529101 0.8535084325396826 0.6344460978835978 0.8562078373015873 0.6386997354497355 0.856453125 0.6422989417989418 0.8566986607142857 0.6491703042328042 0.8591525297619048 0.6524421296296296 0.8603797123015873 0.6580046296296297 0.8566986607142857 0.6632400793650793 0.8490910218253968 0.6648759920634921 0.8419744543650793 0.6652030423280424 0.8321584821428571 0.6658574735449736 0.8243055555555555 0.672728835978836 0.8157165178571428 0.6756736111111111 0.8149801587301587 0.683853835978836 0.8088452380952381 0.6939970238095238 0.8059002976190476 0.6959603174603174 0.8225877976190477 0.7002139550264551 0.8346123511904763 0.7051220238095239 0.8434469246031745 0.7155922619047619 0.8510543154761905 0.7276987433862434 0.8598888888888889 0.740787037037037 0.8704409722222222 0.7568197751322752 0.8824657738095237 0.7627096560846561 0.8989077380952382 0.7666359126984126 0.904061259920635 0.7610734126984127 0.908969246031746 0.7479854497354497 0.9153497023809524 0.7381693121693123 0.9163313492063493 0.7280261243386243 0.9205029761904762 0.7169011243386244 0.9212393353174603 0.7110115740740741 0.9128955853174603 0.7044675925925926 0.9101961805555556 0.6956329365079366 0.913141121031746 0.6848353174603174 0.9236932043650794 0.6789457671957673 0.9337547123015872 0.6766554232804233 0.9359635416666666 0.6756736111111111 0.9435709325396826 0.6642215608465608 0.9511783234126984 0.6612767857142857 0.9553501984126984 0.656041335978836 0.9379265873015873 0.6521150793650794 0.9344910714285715 0.6488429232804234 0.9332638888888889 0.6413174603174603 0.9266381448412698 0.637718253968254 0.9234479166666667 0.6292109788359788 0.923202628968254 0.6236484788359788 0.9305644841269841 0.6180859788359788 0.9389082341269841 0.6115419973544974 0.9460248015873015 0.607942791005291 0.9526507936507937 0.6046706349206349 0.9730190972222222 0.5984537037037037 0.9681111111111111 0.5955089285714286
2 0.17038690476190477 0.6818783068783069 0.17509920634920634 0.6861772486772487 0.17956349206349206 0.6881613756613757 0.19370039682539683 0.6911375661375662 0.20461309523809523 0.6911375661375662 0.22594246031746032 0.6884920634920635 0.23363095238095238 0.6848544973544973 0.26884920634920634 0.6755952380952381 0.28149801587301587 0.6656746031746031 0.29017857142857145 0.656415343915344 0.2924107142857143 0.6507936507936508 0.2926587301587302 0.6474867724867724 0.28869047619047616 0.6418650793650794 0.2847222222222222 0.6392195767195767 0.2673611111111111 0.6352513227513228 0.24379960317460317 0.6365740740740741 0.22718253968253968 0.6398809523809523 0.2140376984126984 0.6441798941798942 0.20982142857142858 0.6438492063492064 0.1932043650793651 0.6507936507936508 0.17559523809523808 0.6646825396825397 0.17212301587301587 0.6686507936507936 0.1701388888888889 0.6742724867724867 0.17038690476190477 0.6818783068783069
1 0.1714749503968254 0.8049249338624338 0.17281671626984127 0.8082050264550266 0.1763950892857143 0.8099943783068783 0.18109151785714284 0.8117833994708995 0.18601165674603176 0.81267791005291 0.19205009920634922 0.81267791005291 0.1951810515873016 0.8129761904761905 0.1971937003968254 0.8162562830687831 0.19943030753968252 0.8183435846560846 0.20189012896825395 0.8198343253968254 0.2041267361111111 0.8228164682539683 0.20636309523809523 0.8257982804232804 0.21173040674603175 0.8287800925925927 0.21575595238095238 0.8299728835978837 0.22179439484126984 0.8332529761904762 0.22425446428571427 0.8374275793650793 0.2260436507936508 0.8404093915343915 0.22895089285714285 0.8401114417989417 0.23767286706349208 0.8398131613756613 0.2432638888888889 0.8401114417989417 0.24885491071428573 0.8404093915343915 0.25489335317460315 0.8410059523809524 0.2620498511904762 0.8445839947089947 0.2692063492063492 0.8460750661375661 0.27524479166666665 0.8460750661375661 0.2841904761904762 0.8478640873015872 0.2944779265873016 0.8484606481481481 0.3014107142857143 0.8505479497354497 0.31228869047619046 0.8553187830687831 0.32011607142857146 0.8580026455026455 0.3272728174603175 0.8621772486772488 0.33733655753968256 0.8654573412698413 0.3458350694444444 0.8699302248677249 0.35232068452380955 0.874104828042328 0.3610426587301587 0.8818578042328041 0.3679754464285714 0.8860324074074074 0.3764739583333333 0.8919960317460318 0.3831830357142857 0.8964689153439154 0.3892214781746032 0.9015383597883597 0.39436507936507936 0.9042218915343916 0.39883804563492065 0.9078002645502646 0.40263988095238096 0.9143604497354497 0.4053236607142857 0.9188330026455026 0.412703869047619 0.9242003968253969 0.4120329861111111 0.9277787698412698 0.412703869047619 0.9322516534391534 0.4207549603174603 0.9292698412698412 0.42679315476190477 0.926288029100529 0.43059523809523814 0.926288029100529 0.4379751984126984 0.9292698412698412 0.4464737103174603 0.9295681216931218 0.4558665674603175 0.9310588624338624 0.46123412698412697 0.9337427248677248 0.46861433531746033 0.9343389550264549 0.47621800595238095 0.9346372354497354 0.4804672619047619 0.9376190476190477 0.48538740079365084 0.9403029100529101 0.4916493055555555 0.9417936507936507 0.4965694444444444 0.9444775132275132 0.4999241071428571 0.9477576058201057 0.5035022321428572 0.9504411375661376 0.5077514880952381 0.9528267195767196 0.5128953373015873 0.9549140211640211 0.5158025793650793 0.9578958333333334 0.5202755456349207 0.9599831349206349 0.523406498015873 0.9602814153439154 0.526984623015873 0.962368716931217 0.5303392857142857 0.9662450396825397 0.5345885416666666 0.9686306216931218 0.5426396329365079 0.9728052248677248 0.5486778273809523 0.9751908068783068 0.5556108630952381 0.9778746693121693 0.5620964781746032 0.9802599206349206 0.5665691964285715 0.981750992063492 0.5728311011904762 0.9832420634920636 0.5804350198412698 0.9892056878306879 0.5842368551587301 0.9927840608465609 0.5925116567460318 0.9996693121693122 0.6016810515873016 0.9996693121693122 0.6014573412698413 0.9996421957671958 0.5992209821428572 0.9948713624338624 0.5920644841269842 0.9906967592592594 0.5853551587301588 0.9856273148148148 0.5806587301587302 0.9787691798941798 0.5741731150793651 0.9745945767195767 0.5661220238095238 0.9737000661375661 0.5560580357142857 0.9710162037037037 0.5500198412698413 0.9650525793650794 0.5453234126984128 0.9629649470899471 0.534812251984127 0.9593869047619048 0.5298921130952381 0.9552123015873015 0.5258665674603175 0.9504411375661376 0.5193809523809523 0.9474593253968254 0.5142371031746031 0.9432847222222221 0.5088697916666667 0.9370228174603173 0.5022991071428572 0.9348220899470899 0.4931297123015873 0.9306474867724867 0.4830659722222222 0.9273673941798941 0.4669637896825397 0.9243855820105821 0.4555580357142857 0.9222979497354498 0.44907242063492064 0.9172288359788359 0.4428105158730159 0.9124580026455027 0.4352065972222222 0.9094758597883599 0.4238008432539683 0.9035122354497355 0.4135133928571429 0.9005304232804233 0.4088169642857143 0.8993376322751323 0.4018839285714286 0.8918829365079365 0.4021076388888889 0.8859189814814814 0.40031845238095237 0.8781660052910053 0.3971875 0.8716061507936508 0.3938328373015873 0.8665367063492064 0.3851108630952381 0.8665367063492064 0.3761651785714286 0.8665367063492064 0.36856150793650794 0.8650459656084656 0.36364136904761907 0.861765873015873 0.35805034722222223 0.8581875 0.3464208829365079 0.8578892195767196 0.33993526785714284 0.8584857804232805 0.3352388392857143 0.8561001984126985 0.3253985615079365 0.853416335978836 0.3233859126984127 0.8513290343915344 0.3177948908730159 0.8462599206349207 0.3142165178571429 0.8462599206349207 0.30638913690476194 0.8456636904761904 0.30169246031746033 0.8420853174603175 0.2931941964285715 0.841787037037037 0.28715575396825394 0.8423835978835978 0.2824593253968254 0.8411908068783068 0.2735136408730159 0.8396997354497354 0.26926463293650793 0.8379107142857143 0.2638970734126984 0.8355251322751324 0.25808234126984125 0.834928902116402 0.25003125 0.8343323412698413 0.24421676587301588 0.8313505291005291 0.24041468253968254 0.8280704365079365 0.23370560515873018 0.8280704365079365 0.22811458333333334 0.8256848544973545 0.2258779761904762 0.8194229497354497 0.22207614087301586 0.8173356481481482 0.2173797123015873 0.8194229497354497 0.21268328373015874 0.8191246693121693 0.2068685515873016 0.8152483465608467 0.2032901785714286 0.8107754629629629 0.19792286706349205 0.8074953703703703 0.19568650793650794 0.8045135582010583 0.19121354166666665 0.8039169973544974 0.18629340277777778 0.8057063492063492 0.1762296626984127 0.8068991402116402 0.1730987103174603 0.8039169973544974 0.1714749503968254 0.8049249338624338
0 0.1654809027777778 0.6628912037037037 0.16649702380952383 0.6642460317460318 0.16809375000000001 0.6650201719576719 0.17099677579365077 0.6644394841269842 0.17448065476190475 0.6615363756613757 0.177093501984127 0.6592136243386243 0.18072247023809523 0.6566977513227513 0.1842063492063492 0.6547622354497354 0.18899652777777778 0.6528267195767196 0.19233506944444445 0.6495363756613757 0.19639955357142858 0.6481815476190477 0.19959300595238097 0.6470205026455026 0.20148015873015873 0.6462463624338625 0.20859300595238095 0.6423753306878307 0.21091542658730159 0.6404398148148148 0.21585094246031747 0.6390849867724868 0.223108878968254 0.6369560185185185 0.23051190476190475 0.6354077380952381 0.23675372023809524 0.6323108465608466 0.2432859623015873 0.6284401455026455 0.2443020833333333 0.6249563492063492 0.2400922619047619 0.623988425925926 0.23414087301587302 0.622633597883598 0.23065699404761905 0.6218594576719576 0.22296354166666668 0.6199242724867725 0.21643154761904762 0.6216660052910052 0.21527033730158732 0.624182208994709 0.21309275793650795 0.6270853174603175 0.2122219742063492 0.6323108465608466 0.21033482142857143 0.6354077380952381 0.20670585317460316 0.6381173941798941 0.2036574900793651 0.6404398148148148 0.1993028273809524 0.6429560185185185 0.19654489087301588 0.6441170634920634 0.19189980158730158 0.6448915343915345 0.18812549603174605 0.6474074074074074 0.1840612599206349 0.6503105158730159 0.1811579861111111 0.6512784391534391 0.1782547123015873 0.6526332671957672 0.17578720238095238 0.6543749999999999 0.1739000496031746 0.6555363756613757 0.17070659722222223 0.6582460317460318 0.1654809027777778 0.6599877645502645 0.1654809027777778 0.6628912037037037
1 0.850420882936508 0.5540314153439154 0.8483968253968254 0.551139880952381 0.8473846726190477 0.5468988095238095 0.8472400793650794 0.5451640211640212 0.8462281746031747 0.5438144841269841 0.8466619543650794 0.5413085317460318 0.8463727678571428 0.5405373677248677 0.8460835813492064 0.5397662037037037 0.8446376488095239 0.5368746693121693 0.8440595238095239 0.5351395502645503 0.8447822420634921 0.5341759259259259 0.843625744047619 0.5320552248677248 0.844203869047619 0.5295492724867725 0.8440595238095239 0.5280069444444444 0.8449268353174603 0.5268505291005291 0.8476738591269841 0.5266577380952381 0.8528787202380952 0.5278141534391534 0.8572162698412698 0.5289708994708995 0.8601078869047619 0.5293564814814814 0.8619873511904762 0.5289708994708995 0.8627103174603175 0.5278141534391534 0.8592403273809524 0.5281997354497354 0.8570716765873017 0.5283925264550264 0.8518668154761905 0.5274285714285715 0.8476738591269841 0.5256937830687831 0.8423244047619047 0.524537037037037 0.8374087301587301 0.5231878306878307 0.8313363095238094 0.5220310846560847 0.8269990079365079 0.5208743386243386 0.8259868551587302 0.5201031746031746 0.8274327876984127 0.5183683862433862 0.8277217261904761 0.5168260582010582 0.8283000992063493 0.5150912698412698 0.8285892857142857 0.5145128968253968 0.8296014384920635 0.5125849867724868 0.8300352182539683 0.5116213624338625 0.8316254960317461 0.5100790343915345 0.8323484623015873 0.5091150793650794 0.8329268353174603 0.505066798941799 0.8332157738095237 0.5035248015873016 0.8339387400793651 0.5015968915343915 0.8330714285714286 0.49966931216931215 0.8313363095238094 0.5006332671957672 0.8294568452380953 0.5012116402116402 0.8272881944444445 0.5012116402116402 0.8290230654761905 0.5023680555555555 0.8303244047619047 0.5025608465608465 0.8297460317460318 0.505452380952381 0.8287338789682539 0.506609126984127 0.8280109126984126 0.5079586640211641 0.8274327876984127 0.5093078703703704 0.8258422619047618 0.5104646164021164 0.8239627976190476 0.5114285714285715 0.823095238095238 0.5121997354497355 0.8212157738095238 0.5139345238095238 0.8187579365079365 0.5152840608465609 0.8177457837301587 0.5170188492063492 0.8178903769841269 0.5179828042328043 0.815577132936508 0.5181755952380952 0.8084925595238095 0.5183683862433862 0.8054565972222223 0.5174044312169312 0.8006852678571428 0.5170188492063492 0.7983720238095239 0.5170188492063492 0.7964925595238096 0.5168260582010582 0.7943239087301587 0.5164404761904762 0.7909985119047619 0.5158624338624339 0.784781498015873 0.5154768518518518 0.7833358134920635 0.5150912698412698 0.7811904761904762 0.5153240740740741 0.7791393849206348 0.5164960317460318 0.7788462301587301 0.5168865740740741 0.7781626984126985 0.5171471560846561 0.7771857638888888 0.5177982804232804 0.7757207341269842 0.5194914021164021 0.7738650793650794 0.5204031084656084 0.7727906746031745 0.5213144841269841 0.7708370535714285 0.5233981481481482 0.7683953373015873 0.5247007275132275 0.765562748015873 0.5244401455026455 0.7634139384920635 0.5243098544973545 0.7598000992063493 0.5237890211640212 0.7570652281746032 0.5224867724867724 0.7560885416666666 0.5219656084656085 0.7561860119047619 0.5209239417989417 0.757749007936508 0.5206633597883599 0.7530605158730159 0.5205330687830688 0.7513023313492064 0.5200122354497355 0.7508139880952381 0.5206633597883599 0.7490560515873016 0.5197516534391534 0.7472001488095238 0.5192308201058201 0.7455396825396826 0.5180588624338625 0.7426096230158731 0.5170168650793651 0.7450513392857143 0.5162354497354498 0.7455396825396826 0.515063492063492 0.7450513392857143 0.5144123677248678 0.744953621031746 0.512719246031746 0.744953621031746 0.5114169973544974 0.7471024305555556 0.5112867063492064 0.7492512400793652 0.5121984126984127 0.751986111111111 0.5124589947089947 0.7548187003968254 0.5121984126984127 0.759311755952381 0.5124589947089947 0.763218501984127 0.5128495370370371 0.768688244047619 0.512979828042328 0.7719114583333334 0.5135006613756614 0.7755252976190476 0.5145426587301588 0.7786510416666668 0.5145426587301588 0.7786510416666668 0.5137612433862434 0.7765997023809523 0.512979828042328 0.7763067956349207 0.512719246031746 0.7757207341269842 0.5121984126984127 0.7727906746031745 0.5123287037037036 0.7705441468253967 0.5119378306878306 0.770641865079365 0.5102450396825396 0.7705441468253967 0.5088125 0.7702509920634921 0.5077705026455026 0.7708370535714285 0.5068587962962963 0.7719114583333334 0.5059474206349206 0.7733764880952381 0.5055565476190477 0.7750369543650794 0.5049054232804233 0.7767951388888888 0.504514880952381 0.7772834821428571 0.5020403439153439 0.7772834821428571 0.5009986772486772 0.7756230158730159 0.501910052910053 0.7750369543650794 0.5036031746031746 0.7730835813492063 0.5041240079365079 0.7708370535714285 0.5043845899470899 0.769078869047619 0.5052962962962964 0.7677115575396826 0.5055565476190477 0.7669300595238095 0.5043845899470899 0.7656604662698413 0.5030823412698412 0.7633162202380952 0.5030823412698412 0.7627301587301587 0.5034728835978836 0.7621440972222222 0.5043845899470899 0.762827876984127 0.5051660052910053 0.765562748015873 0.5055565476190477 0.7672232142857143 0.506337962962963 0.7679069940476191 0.5075099206349206 0.7672232142857143 0.508291335978836 0.7676138392857143 0.5093333333333333 0.7674186507936508 0.5102450396825396 0.7659533730158731 0.510505291005291 0.7645860615079365 0.510635582010582 0.7612651289682539 0.5107658730158731 0.7590186011904761 0.5107658730158731 0.7576512896825397 0.510896164021164 0.7554047619047619 0.5111564153439153 0.7539397321428571 0.5112867063492064 0.7520838293650793 0.510896164021164 0.7494466765873016 0.510375 0.747688492063492 0.5101147486772487 0.7465163690476191 0.5098541666666666 0.743000248015873 0.5094636243386244 0.7420235615079365 0.5095939153439153 0.7391909722222223 0.5094636243386244 0.7366515376984127 0.5092030423280423 0.7327445436507937 0.5088125 0.7311817956349206 0.5089424603174603 0.7282514880952381 0.5090727513227513 0.7272748015873015 0.5090727513227513 0.7289352678571429 0.5102450396825396 0.7305957341269842 0.511026455026455 0.7320607638888889 0.5114169973544974 0.7342095734126984 0.5118075396825397 0.7346004464285715 0.5123287037037036 0.7364561011904762 0.5128495370370371 0.7382142857142857 0.5118075396825397 0.7403630952380952 0.5114169973544974 0.7420235615079365 0.5114169973544974 0.743781498015873 0.512588955026455 0.7440746527777777 0.5138915343915345 0.743000248015873 0.5146729497354497 0.7424141865079366 0.5155843253968254 0.740656001984127 0.5164960317460318 0.740265376984127 0.5177982804232804 0.741046875 0.5188402777777777 0.7423164682539682 0.5197516534391534 0.7444652777777778 0.5204031084656084 0.7472001488095238 0.5219656084656085 0.7501304563492063 0.5227470238095239 0.7521815476190475 0.5235284391534392 0.7556001984126984 0.5245704365079364 0.7569675099206349 0.5249609788359788 0.7592140376984127 0.5258726851851852 0.7630233134920635 0.5269143518518519 0.7641954365079365 0.5273052248677248 0.7652698412698413 0.5286074735449735 0.7650744047619048 0.5297794312169313 0.765562748015873 0.5305608465608466 0.7654650297619048 0.5314725529100529 0.7652698412698413 0.5325145502645503 0.7646837797619047 0.5332959656084656 0.7626324404761905 0.5334259259259259 0.7620466269841271 0.5351190476190476 0.7626324404761905 0.5364212962962963 0.7626324404761905 0.5375935846560846 0.7638045634920635 0.5392863756613756 0.7646837797619047 0.540458664021164 0.7654650297619048 0.542151455026455 0.7665394345238095 0.5441048280423281 0.766734871031746 0.5459282407407408 0.767516121031746 0.5489236111111111 0.768688244047619 0.5503561507936509 0.7681021825396825 0.5520489417989418 0.7694697420634921 0.5542628968253968 0.7730835813492063 0.5559560185185185 0.7749394841269841 0.5550443121693122 0.7747440476190476 0.5525701058201058 0.7751346726190476 0.5513978174603175 0.7729858630952381 0.5502258597883598 0.7715208333333333 0.5494444444444444 0.7696649305555556 0.5464490740740741 0.7693720238095239 0.5434537037037037 0.7701532738095238 0.542542328042328 0.7703487103174603 0.5412397486772487 0.7698603670634921 0.5392863756613756 0.7681999007936509 0.5383746693121694 0.7662465277777778 0.5375935846560846 0.7649766865079365 0.5365515873015873 0.7661488095238096 0.5353796296296296 0.7677115575396826 0.5370724206349207 0.768688244047619 0.5369421296296296 0.7685905257936507 0.5345982142857143 0.7691765873015873 0.5335562169312169 0.7697626488095238 0.5327748015873016 0.7719114583333334 0.5310820105820105 0.7723020833333334 0.5309517195767196 0.7731812996031746 0.5289983465608465 0.7740602678571429 0.5288680555555556 0.7709347718253968 0.5289983465608465 0.7700558035714286 0.5282169312169313 0.770641865079365 0.5267843915343916 0.7723998015873016 0.5252215608465608 0.7752323908730159 0.5248306878306879 0.7787485119047619 0.5248306878306879 0.7820694444444445 0.5241795634920635 0.7824603174603175 0.5236587301587302 0.7806044146825397 0.5233981481481482 0.7780649801587302 0.5236587301587302 0.7766974206349205 0.5232681878306878 0.7765997023809523 0.5219656084656085 0.7801160714285714 0.5215750661375661 0.7805066964285715 0.5214447751322752 0.782655505952381 0.5213144841269841 0.784999751984127 0.5219656084656085 0.7879298115079365 0.5236587301587302 0.7900786210317461 0.5243098544973545 0.791250744047619 0.5252215608465608 0.7941810515873016 0.5261332671957673 0.797013640873016 0.5271749338624339 0.7994553571428571 0.5267843915343916 0.7985763888888889 0.5263935185185186 0.7957437996031745 0.5250912698412699 0.7933018353174602 0.5243098544973545 0.7915438988095238 0.5228773148148148 0.7897857142857143 0.5230076058201059 0.7874414682539682 0.5219656084656085 0.7857810019841269 0.5210542328042328 0.7839253472222222 0.5202728174603175 0.7825577876984128 0.5198819444444445 0.7806044146825397 0.5192308201058201 0.7802137896825397 0.5187099867724868 0.7825577876984128 0.5179285714285714 0.7854880952380953 0.5180588624338625 0.7879298115079365 0.5174077380952381 0.7911530257936508 0.5167566137566137 0.793985615079365 0.5175380291005292 0.7968182043650794 0.5189705687830688 0.7994553571428571 0.5193611111111112 0.8016041666666667 0.5193611111111112 0.8034600694444445 0.5193611111111112 0.8064878472222222 0.5200122354497355 0.8094179067460318 0.5202728174603175 0.8111760912698412 0.5201425264550265 0.8141063988095237 0.5206633597883599 0.8158643353174603 0.5209239417989417 0.8185017361111111 0.5211841931216931 0.8216272321428572 0.5223564814814815 0.8235806051587302 0.5233981481481482 0.8238737599206349 0.5233981481481482 0.8267061011904762 0.5253518518518518 0.8278782242063493 0.5260029761904762 0.8288549107142857 0.5279563492063492 0.8265109126984127 0.5280866402116402 0.8269992559523809 0.5297794312169313 0.8284642857142857 0.5308214285714286 0.8299293154761905 0.5312119708994709 0.8288549107142857 0.5323842592592593 0.8257294146825397 0.5322539682539683 0.8152785218253968 0.5297794312169313 0.8106877480158731 0.5286074735449735 0.8068784722222222 0.5276957671957672 0.8059017857142857 0.5267843915343916 0.8034600694444445 0.5263935185185186 0.8017018849206349 0.5262632275132275 0.8034600694444445 0.5279563492063492 0.8185992063492064 0.531863425925926 0.8231899801587301 0.5330353835978836 0.825827132936508 0.533686507936508 0.8303201884920636 0.5344679232804233 0.8327619047619047 0.5349887566137567 0.8325664682539682 0.5323842592592593 0.833640873015873 0.5310820105820105 0.8354967757936508 0.5313422619047619 0.8370595238095238 0.5323842592592593 0.836766617063492 0.533686507936508 0.8353013392857143 0.5345982142857143 0.8353013392857143 0.53550958994709 0.8371572420634921 0.5368121693121692 0.8372549603174603 0.537723544973545 0.8398921130952381 0.540198082010582 0.8399898313492064 0.5413700396825397 0.8401850198412699 0.542281746031746 0.8400873015873016 0.5435839947089947 0.8396966765873016 0.5457979497354497 0.8394037698412699 0.5464490740740741 0.8393060515873015 0.5478816137566138 0.841064236111111 0.5493141534391535 0.8415525793650793 0.5512675264550264 0.840673363095238 0.5519189814814814 0.8415525793650793 0.5528303571428571 0.8430176091269841 0.5541326058201058 0.8431153273809523 0.5555651455026455 0.8428221726190476 0.5571279761904763 0.8437013888888889 0.5584305555555555 0.8438965773809524 0.5598630952380953 0.844482638888889 0.5622070105820106 0.8512222222222222 0.563249007936508 0.8528826884920635 0.5610350529100528 0.8533710317460317 0.5593419312169312 0.8530233134920635 0.5578869047619047 0.850420882936508 0.5540314153439154
1 0.645609623015873 0.5140932539682539 0.6459484126984126 0.5139804894179895 0.6457790178571429 0.5127380952380952 0.6467953869047619 0.5109312169312169 0.6481507936507936 0.5095757275132275 0.6471341765873015 0.5092371031746031 0.6454402281746031 0.510366402116402 0.6441696428571428 0.5111570767195768 0.6424754464285714 0.5117215608465608 0.6410357142857143 0.5121732804232804 0.639765128968254 0.5134156746031746 0.6378169642857142 0.5137546296296297 0.6367157738095238 0.5155615079365079 0.6352757936507936 0.5152228835978836 0.6337509920634921 0.5157873677248678 0.6353603670634921 0.5180462962962963 0.6379863591269841 0.5191755952380953 0.6401039186507936 0.5189497354497354 0.6415438988095238 0.5183849206349206 0.643407242063492 0.5180462962962963 0.6449320436507936 0.5178204365079365 0.6470496031746031 0.5184980158730159 0.6485741567460317 0.5189497354497354 0.6506071428571428 0.5183849206349206 0.6521316964285714 0.5182721560846562 0.6539952876984128 0.5188366402116402 0.6542492559523809 0.5199662698412698 0.6538258928571429 0.5217731481481482 0.6550116567460318 0.5233541666666667 0.6553504464285714 0.524709656084656 0.6561974206349206 0.5267423941798941 0.6583149801587301 0.527307208994709 0.6595009920634921 0.5286623677248677 0.6603479662698413 0.5302433862433862 0.661279761904762 0.5315988756613756 0.662296130952381 0.5335188492063493 0.6631431051587302 0.5349867724867725 0.6654303075396825 0.5357774470899471 0.6663618551587303 0.5366808862433863 0.66653125 0.5391656746031745 0.6673784722222222 0.539504298941799 0.6680560515873015 0.538375 0.6679712301587302 0.5367939814814815 0.6688182043650794 0.534874007936508 0.6693266369047619 0.5315988756613756 0.6687336309523809 0.530469246031746 0.6687336309523809 0.5283234126984128 0.6687336309523809 0.5270813492063492 0.6660230654761905 0.5260648148148148 0.6647524801587302 0.524370701058201 0.6629737103174603 0.5221121031746032 0.660686755952381 0.5207566137566138 0.6591622023809525 0.5183849206349206 0.6604327876984126 0.5177073412698413 0.6628891369047618 0.5174814814814815 0.664921875 0.5174814814814815 0.6674630456349205 0.5170297619047619 0.6710205853174602 0.5164649470899471 0.6733075396825396 0.5153356481481481 0.6760181051587302 0.5152228835978836 0.678389880952381 0.5151097883597884 0.6819474206349206 0.5149970238095238 0.6836413690476191 0.5143191137566138 0.6861825396825397 0.5142063492063492 0.6889776785714286 0.5140932539682539 0.6907564484126985 0.5133029100529101 0.691857638888889 0.5116087962962963 0.6941445932539683 0.5114957010582011 0.6973633432539682 0.5116087962962963 0.7004126984126984 0.5108181216931217 0.7022762896825396 0.5100277777777777 0.7041396329365079 0.5088981481481482 0.7021914682539683 0.5092371031746031 0.6993963293650793 0.5095757275132275 0.6975327380952382 0.509462962962963 0.6943988095238095 0.5099146825396825 0.6932976190476191 0.5099146825396825 0.6908412698412699 0.5100277777777777 0.6907564484126985 0.5091240079365079 0.6915188492063492 0.5082205687830688 0.6905024801587302 0.5064136904761904 0.6888082837301588 0.5063005952380952 0.6877070932539683 0.5056230158730158 0.6871143353174604 0.5057361111111112 0.6843189484126984 0.5063005952380952 0.6845731646825397 0.5075429894179894 0.6838955853174603 0.508333664021164 0.6838107638888888 0.5091240079365079 0.6827943948412698 0.5100277777777777 0.6811004464285715 0.5102536375661376 0.6807614087301587 0.5085595238095239 0.6793214285714285 0.5069781746031746 0.6784744543650794 0.5055102513227513 0.6780510912698413 0.5066395502645502 0.678389880952381 0.5086722883597883 0.6787286706349206 0.5102536375661376 0.6775426587301587 0.5109312169312169 0.677203869047619 0.5112698412698412 0.6750863095238094 0.5126253306878307 0.6728841765873016 0.5131898148148148 0.6700887896825396 0.5137546296296297 0.6678866567460318 0.514432208994709 0.6661924603174604 0.5143191137566138 0.6633973214285714 0.5145449735449735 0.6616185515873017 0.5151097883597884 0.6600091765873016 0.5154487433862435 0.6571292162698413 0.5155615079365079 0.6539104662698413 0.5156746031746032 0.6515389384920636 0.5151097883597884 0.6496753472222222 0.5156746031746032 0.6461178075396825 0.5157873677248678 0.644000248015873 0.5149970238095238 0.645609623015873 0.5140932539682539
1 0.7006956845238095 0.5058012566137566 0.7005801091269841 0.5061861772486773 0.7012155257936508 0.506417328042328 0.7020820932539683 0.5061861772486773 0.7033531746031746 0.506725529100529 0.7046820436507936 0.5069566798941799 0.705375248015873 0.5073419312169312 0.7060109126984127 0.5074960317460318 0.7069930555555556 0.5078809523809524 0.7076862599206349 0.5082662037037037 0.708841765873016 0.508651455026455 0.7097085813492063 0.5095757275132275 0.7104595734126984 0.5088055555555555 0.7119040178571429 0.5082662037037037 0.7132328869047619 0.508343253968254 0.714561507936508 0.5089596560846561 0.7154283234126984 0.5098068783068783 0.717219246031746 0.5106541005291005 0.7176815476190476 0.5109623015873016 0.7186636904761905 0.5109623015873016 0.7191835317460318 0.510577380952381 0.72028125 0.5099609788359789 0.7212056051587301 0.509421626984127 0.7218412698412698 0.5082662037037037 0.7223035714285714 0.5071107804232804 0.7231123511904761 0.5063402777777778 0.7238633432539683 0.505647156084656 0.7246143353174603 0.5052619047619048 0.7255967261904762 0.5046455026455027 0.7258854166666666 0.5044146825396825 0.7236899801587302 0.5041064814814814 0.7229967757936508 0.5044146825396825 0.7219568452380952 0.5044917328042329 0.7213211805555556 0.504260582010582 0.7203390376984128 0.5040294312169312 0.7209747023809523 0.5051848544973545 0.7212056051587301 0.5055701058201059 0.7209169146825397 0.5058012566137566 0.7202234623015873 0.5060324074074074 0.7200503472222222 0.5073419312169312 0.7193568948412699 0.5074960317460318 0.7183169642857142 0.5077268518518518 0.7180858134920636 0.5079580026455026 0.7173348214285714 0.5082662037037037 0.7163526785714285 0.5082662037037037 0.7156014384920635 0.5078809523809524 0.7150815972222222 0.5071107804232804 0.7138683035714286 0.5066484788359789 0.7129439484126985 0.5068796296296296 0.7120195932539682 0.5071878306878307 0.7113261408730158 0.507264880952381 0.7108640873015873 0.5070337301587301 0.7093618551587302 0.506725529100529 0.7084952876984126 0.5071107804232804 0.7076862599206349 0.506725529100529 0.7067619047619048 0.5061861772486773 0.705953125 0.5060324074074074 0.7053177083333333 0.5059553571428571 0.7045664682539682 0.5058012566137566 0.7035843253968254 0.5058783068783069 0.702891121031746 0.5057242063492063 0.7028333333333333 0.5051078042328042 0.7024866071428572 0.5045684523809524 0.701562251984127 0.5047996031746032 0.7006956845238095 0.5058012566137566
0 0.9759404761904762 0.5870363756613757 0.9764925595238095 0.588213955026455 0.9768236607142857 0.591452380952381 0.9767132936507937 0.5935132275132275 0.9762718253968254 0.5967516534391535 0.9780381944444444 0.598223544973545 0.9796941964285714 0.598223544973545 0.9997519841269841 0.5927771164021164 0.9997519841269841 0.546114417989418 0.9994558531746032 0.546114417989418 0.995812748015873 0.5456729497354498 0.992500744047619 0.5453786375661376 0.9913965773809524 0.5453786375661376 0.9883055555555555 0.5452314814814815 0.9854350198412698 0.5446425264550264 0.9819022817460318 0.5444953703703704 0.9777070932539682 0.5450839947089947 0.9746158234126984 0.5450839947089947 0.9699789186507937 0.5443482142857142 0.9677708333333334 0.5443482142857142 0.9641277281746031 0.5444953703703704 0.9619196428571428 0.5444953703703704 0.9588283730158731 0.5437592592592593 0.9560684523809524 0.5437592592592593 0.9534188988095238 0.5440539021164021 0.9509900793650793 0.5436121031746032 0.948671626984127 0.5422873677248677 0.945138888888889 0.5419930555555555 0.9428204365079366 0.5419930555555555 0.9403916170634921 0.5415512566137566 0.936969246031746 0.5408154761904762 0.9348715277777778 0.5406679894179894 0.9328844246031746 0.5402265211640211 0.9280267857142858 0.5396375661375662 0.9249355158730159 0.5396375661375662 0.9221755952380952 0.5396375661375662 0.9202986111111111 0.539343253968254 0.9165451388888889 0.5391960978835979 0.9136746031746033 0.5391960978835979 0.9105835813492064 0.539343253968254 0.9063881448412698 0.5390489417989418 0.9037385912698412 0.5386074735449735 0.9038489583333333 0.5399322089947091 0.9061674107142857 0.540079365079365 0.9097001488095239 0.5409626322751323 0.9126810515873015 0.5415512566137566 0.9169866071428572 0.5419930555555555 0.9194154265873016 0.542875992063492 0.9212924107142857 0.5440539021164021 0.9229484126984127 0.5444953703703704 0.9264811507936508 0.5442010582010582 0.9296827876984127 0.5444953703703704 0.9316698908730159 0.5446425264550264 0.9356443452380953 0.5444953703703704 0.9397291666666666 0.5455257936507937 0.9434828869047619 0.5465562169312169 0.9469052579365079 0.5469976851851852 0.9497755456349206 0.547292328042328 0.9499965277777778 0.5496474867724868 0.9487819940476191 0.55067791005291 0.9461324404761905 0.5515608465608466 0.9439243551587301 0.5524441137566137 0.9416059027777778 0.553327380952381 0.9391770833333334 0.5550939153439154 0.9381835317460318 0.5553882275132275 0.9346507936507937 0.556860119047619 0.9329947916666667 0.5580376984126985 0.930234871031746 0.5599513888888888 0.9285788690476191 0.5608346560846561 0.9284682539682539 0.5630426587301588 0.9300138888888888 0.5642202380952381 0.9329947916666667 0.5651035052910053 0.9389563492063492 0.5664282407407407 0.943703621031746 0.5671643518518519 0.9498861607142857 0.5690777116402117 0.9560684523809524 0.5721689814814815 0.9605949900793651 0.5752602513227513 0.965673363095238 0.5786458333333333 0.9693164682539683 0.581295634920635 0.9749469246031746 0.5857116402116402 0.9759404761904762 0.5870363756613757
1 0.9013147321428572 0.5547989417989418 0.901640128968254 0.5537149470899471 0.9026971726190477 0.552522156084656 0.9022093253968254 0.5511127645502646 0.9007455357142857 0.5497030423280423 0.8993630952380952 0.5490525793650793 0.8992003968253969 0.5468842592592593 0.8990379464285714 0.5450410052910053 0.8987938988095238 0.54298082010582 0.8986312003968254 0.5411378968253968 0.8982247023809523 0.5397281746031746 0.8973301091269841 0.5384272486772487 0.8957038690476191 0.5374513888888889 0.894890625 0.5359335317460318 0.8956225198412698 0.534957671957672 0.8944841269841269 0.5347407407407407 0.8935895337301587 0.5333313492063493 0.8932643849206349 0.5304037698412698 0.8919632936507937 0.5292113095238096 0.8915567956349206 0.5271511243386243 0.8903370535714286 0.5247658730158731 0.8901743551587301 0.5228144841269842 0.8888732638888889 0.5214047619047619 0.8884667658730158 0.519453373015873 0.8870029761904762 0.5178267195767196 0.8870843253968255 0.5160922619047619 0.8861116071428572 0.5141405423280423 0.8866810515873016 0.5115383597883598 0.8855424107142857 0.511104828042328 0.884485367063492 0.5090446428571429 0.8851359126984126 0.5069844576719577 0.8865997023809524 0.5061170634920635 0.8891205357142857 0.5062255291005291 0.8910721726190476 0.5060089285714285 0.8942435515873016 0.5061170634920635 0.8973335813492064 0.5060089285714285 0.9016433531746032 0.5064424603174603 0.9030257936507936 0.505900462962963 0.9040014880952382 0.5045992063492063 0.9021312003968254 0.5041656746031746 0.9007487599206349 0.5041656746031746 0.8996103670634921 0.5045992063492063 0.8897710813492063 0.5041656746031746 0.887250248015873 0.504707671957672 0.8853799603174602 0.504057208994709 0.8847294146825396 0.5030813492063492 0.8841602182539683 0.502213955026455 0.8823710317460317 0.5005876322751323 0.8813953373015874 0.5006960978835979 0.8803382936507936 0.5003707010582011 0.8791999007936508 0.5000456349206349 0.8766790674603174 0.5000456349206349 0.8742393353174603 0.5001541005291005 0.8717998511904762 0.5002622354497354 0.8686284722222222 0.5005876322751323 0.8657011408730159 0.5003707010582011 0.8608221726190476 0.5004791666666667 0.8556178075396825 0.5008045634920635 0.8556991567460318 0.5013465608465608 0.8571629464285715 0.5014550264550265 0.8587891865079365 0.5023224206349206 0.8598462301587302 0.5025393518518518 0.8623670634920635 0.5023224206349206 0.8644813988095238 0.5017804232804233 0.866107638888889 0.5014550264550265 0.868140625 0.501563492063492 0.868953869047619 0.5019970238095238 0.8706614583333333 0.502213955026455 0.8722065972222223 0.5018888888888889 0.8730195932539683 0.501563492063492 0.8751339285714286 0.5017804232804233 0.877329365079365 0.5023224206349206 0.8789558531746031 0.5031898148148148 0.8795250496031746 0.5039487433862434 0.8802569444444445 0.5048161375661376 0.8807447916666666 0.5078518518518518 0.8809888392857143 0.5095866402116402 0.882045882936508 0.5138151455026455 0.882045882936508 0.5156583994708995 0.8816393849206349 0.5172847222222222 0.8835096726190477 0.5183690476190477 0.886030505952381 0.5196699735449736 0.8865997023809524 0.5215132275132275 0.8874126984126983 0.5245489417989418 0.888876488095238 0.527801917989418 0.8905840773809524 0.5305122354497355 0.8913159722222223 0.531813492063492 0.8924543650793652 0.5354996693121693 0.8940808531746032 0.5382103174603174 0.8951378968253968 0.5403786375661376 0.8961138392857142 0.54298082010582 0.896764136904762 0.5449325396825396 0.8968454861111111 0.5481851851851852 0.8973335813492064 0.5511127645502646 0.898390625 0.5527390873015873 0.8993663194444445 0.5544738756613756 0.9009114583333333 0.5572926587301587 0.9018058035714286 0.5598948412698413 0.9013147321428572 0.5547989417989418
1 0.9190054563492063 0.5062622354497354 0.9198516865079366 0.5064358465608465 0.9208931051587302 0.5066964285714286 0.9233018353174604 0.5070436507936508 0.9255801091269841 0.507130291005291 0.9269469246031745 0.5069566798941799 0.9283789682539683 0.5067830687830688 0.9311130952380953 0.5073039021164021 0.9334563492063492 0.5073039021164021 0.9354744543650794 0.5074775132275132 0.9368412698412698 0.5079983465608465 0.9390545634920635 0.5079113756613757 0.9410074404761904 0.5079113756613757 0.9441319444444444 0.5078247354497355 0.9496649305555556 0.5077377645502645 0.951422619047619 0.5077377645502645 0.9531150793650793 0.5079983465608465 0.9550679563492063 0.5082585978835978 0.9581272321428571 0.5082585978835978 0.961577380952381 0.508432208994709 0.9644414682539683 0.5086058201058201 0.9663291170634921 0.5075641534391534 0.9650272817460317 0.5074775132275132 0.9635952380952381 0.5072169312169312 0.9609915674603174 0.5069566798941799 0.9585178571428572 0.5073039021164021 0.9557839781746031 0.5073905423280423 0.954482142857143 0.5073905423280423 0.9536359126984126 0.5068700396825397 0.9530498511904762 0.5066094576719578 0.9516830357142857 0.5060886243386243 0.9501857638888889 0.5061755952380952 0.949014136904762 0.5065228174603175 0.9473216765873016 0.5062622354497354 0.9462800099206349 0.5066094576719578 0.9460198412698413 0.5067830687830688 0.9447177579365079 0.5065228174603175 0.9440017361111112 0.505828373015873 0.943155505952381 0.5055681216931217 0.9429603174603175 0.5039189814814815 0.9424394841269842 0.5036587301587302 0.9414630456349206 0.5032245370370371 0.9399660218253969 0.5016623677248677 0.9397056051587301 0.5020962301587302 0.9405518353174602 0.5031378968253969 0.9415282738095239 0.5038320105820105 0.9417234623015873 0.5047870370370371 0.9414630456349206 0.5057417328042328 0.9410724206349206 0.5066964285714286 0.9400310019841269 0.5066094576719578 0.9391847718253968 0.5060886243386243 0.9378177083333333 0.5059153439153439 0.9368412698412698 0.5062622354497354 0.9352790178571428 0.5063492063492063 0.9348886408730158 0.5054811507936509 0.9354744543650794 0.504613425925926 0.9363206845238095 0.504613425925926 0.9376875 0.504352843915344 0.9365811011904762 0.5038320105820105 0.935734871031746 0.5040925925925925 0.9350188492063493 0.5034851190476191 0.9351488095238095 0.5028773148148148 0.9356696428571428 0.5024434523809523 0.9363206845238095 0.5010548941798942 0.937297123015873 0.5009679232804233 0.938859375 0.5010548941798942 0.93846875 0.5007943121693121 0.9371016865079365 0.500707671957672 0.9358650793650793 0.499405753968254 0.9358650793650793 0.49871130952380954 0.9364508928571429 0.4978435846560847 0.9351488095238095 0.49758300264550265 0.9340424107142857 0.4967152777777778 0.9324801587301588 0.4967152777777778 0.9320895337301587 0.4970621693121693 0.930657490079365 0.4969755291005291 0.930592261904762 0.49749636243386247 0.9318940972222222 0.4987982804232804 0.9335215773809523 0.5001001984126985 0.9342375992063492 0.5008812830687831 0.934498015873016 0.5018359788359789 0.9336517857142856 0.5027037037037037 0.9331961805555555 0.5033981481481482 0.9333263888888889 0.5048736772486773 0.9322847222222223 0.5053945105820106 0.9307224702380952 0.5057417328042328 0.9286393849206349 0.5056547619047619 0.926296130952381 0.5053945105820106 0.9248640873015873 0.5060886243386243 0.923171626984127 0.5059153439153439 0.9193960813492064 0.5057417328042328 0.9190054563492063 0.5062622354497354
1 0.9986812996031746 0.5104282407407408 0.9981604662698413 0.5102549603174603 0.9976396329365079 0.5102549603174603 0.9965982142857143 0.5103416005291005 0.9947755456349207 0.5102549603174603 0.9930830853174603 0.5101679894179895 0.992562251984127 0.5098207671957672 0.9915208333333333 0.5099943783068783 0.9905443948412699 0.5100813492063493 0.989437748015873 0.5095605158730159 0.9874848710317461 0.5093869047619047 0.9870944940476191 0.5093002645502646 0.9880709325396826 0.5099943783068783 0.9891123511904762 0.510775462962963 0.9917160218253969 0.5109490740740741 0.9928628472222222 0.51125 0.9939293154761905 0.5110360449735449 0.9967829861111112 0.5113356481481481 0.9985503472222222 0.5115925925925926 0.9997519841269841 0.5118925264550265 0.9997519841269841 0.510307208994709 0.9986812996031746 0.5104282407407408