0 0.574969246031746 0.45301760912698413 0.5665588624338624 0.4535910218253968 0.5570013227513227 0.4535910218253968 0.5443859126984126 0.45445138888888886 0.5355929232804233 0.45445138888888886 0.5229775132275132 0.45588492063492064 0.5107440476190476 0.45645833333333335 0.5004219576719577 0.45645833333333335 0.49048247354497354 0.45588492063492064 0.47901355820105823 0.4555982142857143 0.4606636904761905 0.45645833333333335 0.4522529761904762 0.45731845238095237 0.4392549603174603 0.4576051587301587 0.43160912698412696 0.45846527777777774 0.418228835978836 0.4590386904761905 0.39873214285714287 0.4607591765873016 0.3895568783068783 0.46047247023809523 0.3807642195767196 0.4607591765873016 0.37847056878306873 0.4607591765873016 0.3643257275132275 0.46047247023809523 0.35973809523809525 0.4613325892857143 0.3578267195767196 0.4650600198412699 0.3601203703703703 0.4664935515873016 0.36585482804232805 0.4673536706349206 0.372353835978836 0.4673536706349206 0.5914077380952381 0.457031746031746 0.5944662698412698 0.4567450396825397 0.591025462962963 0.45416443452380956 0.5856736111111112 0.4524441964285715 0.5837619047619048 0.45215749007936507 0.574969246031746 0.45301760912698413
3 0.9336276455026455 0.4713070436507936 0.9986580687830687 0.47596378968253966 0.9973508597883598 0.4715520833333333 0.9297060185185185 0.46640525793650794 0.9336276455026455 0.4713070436507936
1 0.32346362433862436 0.5351790674603175 0.3256464947089947 0.5361421130952381 0.32590343915343917 0.5368162202380953 0.3280863095238095 0.5372013888888889 0.330140873015873 0.5381644345238095 0.33193882275132275 0.5393201884920635 0.3336081349206349 0.5393201884920635 0.33514880952380954 0.539609126984127 0.33758862433862435 0.539609126984127 0.3393865740740741 0.5392239583333333 0.3419546957671957 0.538453373015873 0.3446511243386243 0.5380682043650794 0.34773313492063496 0.5381644345238095 0.35132870370370367 0.5383571428571429 0.35415343915343916 0.5382606646825396 0.3581342592592593 0.5380682043650794 0.3613445767195767 0.5380682043650794 0.3631421957671958 0.538453373015873 0.365838955026455 0.539609126984127 0.3689206349206349 0.5397053571428572 0.37084689153439154 0.5400905257936508 0.369948082010582 0.5408611111111111 0.3676365740740741 0.5408611111111111 0.36904894179894177 0.5422093253968254 0.37110350529100533 0.5417279265873015 0.372901455026455 0.541438988095238 0.37238756613756613 0.5403794642857143 0.37469907407407405 0.5397053571428572 0.37726719576719575 0.5392239583333333 0.38214682539682543 0.5392239583333333 0.3838161375661376 0.5395126488095239 0.3862559523809524 0.5399942956349206 0.3895945767195767 0.5397053571428572 0.3949877645502645 0.5392239583333333 0.3994821428571429 0.537875496031746 0.4026924603174603 0.5371051587301587 0.4055175264550265 0.5372013888888889 0.41103902116402113 0.5369124503968254 0.41501984126984126 0.5361421130952381 0.41797321428571427 0.5361421130952381 0.4197708333333333 0.5364310515873015 0.4225958994708995 0.5376830357142858 0.42696164021164024 0.5382606646825396 0.42953009259259256 0.5397053571428572 0.4304289021164021 0.5405721726190477 0.42927314814814815 0.5418241567460318 0.43248346560846557 0.5435577876984127 0.43492328042328043 0.5448097718253968 0.43312533068783066 0.5452911706349206 0.42914484126984126 0.5452911706349206 0.42696164021164024 0.5455801091269842 0.4254209656084656 0.5456763392857142 0.4285026455026455 0.5463506944444444 0.4344093915343915 0.5464469246031746 0.4374914021164021 0.5464469246031746 0.44224239417989414 0.5469283234126985 0.44352678571428567 0.5479878472222223 0.44763558201058207 0.5493360615079365 0.4504606481481481 0.5500101686507937 0.4527721560846561 0.5513586309523809 0.45559722222222226 0.5525141369047619 0.458807208994709 0.553766121031746 0.46086177248677246 0.5540550595238095 0.46330158730158727 0.555499751984127 0.46792460317460316 0.5567517361111111 0.4698941798941799 0.5580267857142857 0.4715634920634921 0.5583157242063492 0.4737466931216931 0.5583157242063492 0.4747738095238095 0.5590863095238094 0.4759295634920635 0.5602418154761905 0.4769566798941799 0.5613013392857142 0.4777271825396825 0.5616865079365079 0.4788829365079365 0.5626495535714285 0.4809375 0.5642867063492064 0.47991005291005295 0.5656351686507937 0.4820932539682539 0.5666944444444444 0.4841478174603175 0.5671760912698413 0.48530324074074077 0.5681391369047619 0.48787169312169315 0.5689094742063492 0.4905681216931217 0.5695838293650793 0.49365013227513227 0.5708358134920635 0.49480555555555555 0.5719913194444444 0.49365013227513227 0.5724729662698412 0.49506249999999996 0.5739176587301588 0.4955760582010582 0.574687996031746 0.4982728174603175 0.5763251488095238 0.5007126322751323 0.5770957341269841 0.5034090608465608 0.5783477182539682 0.503922619047619 0.5804665178571428 0.5081603835978835 0.5811406250000001 0.5154794973544974 0.5812368551587301 0.5172774470899472 0.5821999007936508 0.5201025132275132 0.5821999007936508 0.5212579365079365 0.5827777777777778 0.5248535052910053 0.5833556547619048 0.526779761904762 0.584125992063492 0.5278068783068783 0.5859558531746032 0.5294761904761904 0.5874005456349206 0.5281921296296296 0.5851855158730158 0.5262662037037037 0.5834518849206349 0.525624007936508 0.5824888392857143 0.5222853835978836 0.5816220238095238 0.5207443783068783 0.5810443948412699 0.5225419973544974 0.579984871031746 0.5229272486772487 0.5787328869047619 0.518561507936508 0.5791180555555555 0.5134249338624338 0.5795034722222222 0.510343253968254 0.579406994047619 0.5062341269841271 0.5787328869047619 0.5045648148148149 0.5779625496031745 0.5016114417989418 0.5768067956349207 0.4994285714285714 0.57584375 0.49814417989417986 0.5742063492063492 0.49775925925925923 0.5726654265873016 0.49711706349206347 0.5709320436507936 0.4964748677248677 0.5701614583333333 0.49390674603174606 0.5694873511904761 0.4914669312169312 0.5689094742063492 0.48851355820105824 0.567561259920635 0.48710119047619044 0.5662130456349206 0.4865876322751323 0.56525 0.48594543650793653 0.5642867063492064 0.4844044312169312 0.563516369047619 0.4831203703703703 0.5626495535714285 0.4813227513227513 0.5608196924603175 0.47991005291005295 0.5601455853174603 0.47811243386243385 0.5587008928571428 0.4774705687830688 0.5577378472222222 0.4769566798941799 0.5570637400793651 0.4745168650793651 0.5561006944444444 0.4733614417989418 0.5555228174603174 0.47040773809523806 0.5552338789682539 0.4684818121693122 0.5552338789682539 0.4642443783068783 0.5536929563492063 0.46052050264550265 0.5524409722222222 0.45820899470899473 0.5517668650793651 0.45628273809523806 0.5511889880952381 0.45474206349206353 0.5507075892857143 0.4528158068783069 0.5500334821428572 0.4492202380952381 0.5488777281746031 0.4466521164021164 0.5478182043650793 0.4451111111111111 0.5470478670634921 0.4431851851851852 0.5456031746031745 0.4429282407407407 0.5445438988095238 0.4516600529100529 0.5442549603174603 0.4600066137566137 0.5437733134920635 0.46591369047619047 0.542906746031746 0.46938062169312167 0.5428102678571428 0.4758009259259259 0.5415582837301588 0.47965343915343917 0.5411731150793652 0.4795248015873016 0.5399211309523809 0.47567261904761904 0.5402100694444444 0.4719487433862434 0.5407879464285714 0.46912367724867726 0.5414620535714286 0.4666838624338624 0.5419434523809524 0.4624464285714286 0.5421361607142857 0.4598783068783069 0.5426178075396826 0.4576954365079365 0.5428102678571428 0.45487037037037037 0.5431954365079366 0.4517883597883598 0.5433881448412697 0.44793617724867724 0.5433881448412697 0.4436987433862434 0.5436770833333334 0.4421577380952381 0.5439660218253969 0.43920436507936506 0.5435808531746031 0.43650760582010584 0.5430029761904762 0.4344530423280423 0.5416547619047619 0.4344530423280423 0.5397284226190476 0.43329761904761904 0.538765376984127 0.4291884920634921 0.5379950396825397 0.42764748677248676 0.5373209325396826 0.42636342592592597 0.5359724702380952 0.4254646164021164 0.5355873015873015 0.4305006613756614 0.5348687996031746 0.43383928571428576 0.5343874007936508 0.43679298941798944 0.5340019841269841 0.4396177248677249 0.5334241071428572 0.4425710978835979 0.5332316468253968 0.4451395502645503 0.5328464781746032 0.44745072751322745 0.53275 0.449505291005291 0.5325575396825397 0.45348611111111115 0.531594494047619 0.4561825396825397 0.5314980158730159 0.45810879629629625 0.531594494047619 0.46196097883597886 0.5312090773809524 0.4646577380952381 0.531594494047619 0.4668406084656085 0.5319796626984127 0.46992261904761906 0.5313055555555556 0.4701792328042328 0.530438740079365 0.4735178571428571 0.5294756944444444 0.47647123015873016 0.5295719246031746 0.47826917989417994 0.5294756944444444 0.4799384920634921 0.5287051091269841 0.48456117724867726 0.5283199404761905 0.4871292989417989 0.528031001984127 0.4889272486772487 0.528031001984127 0.4925224867724867 0.5273568948412698 0.4954758597883598 0.5268752480158729 0.49534755291005295 0.5262976190476191 0.49367824074074074 0.5262976190476191 0.49046792328042327 0.5266827876984127 0.48841335978835976 0.5269717261904762 0.4868726851851852 0.527453125 0.4834054232804233 0.5278382936507937 0.4799384920634921 0.5278382936507937 0.47865443121693124 0.5277420634920635 0.47595767195767197 0.5276458333333333 0.47441666666666665 0.528031001984127 0.4724907407407407 0.5287051091269841 0.46915211640211635 0.5290905257936508 0.46645535714285713 0.5285126488095239 0.46298842592592593 0.5293792162698412 0.4604203042328042 0.5299570932539682 0.4591362433862434 0.5300535714285715 0.4568247354497355 0.5295719246031746 0.4556689814814815 0.5288015873015873 0.4533578042328042 0.5273568948412698 0.4510462962962963 0.5263938492063492 0.4496339285714286 0.5258159722222222 0.44141567460317455 0.5217710813492064 0.4393611111111111 0.5207118055555556 0.43743485449735453 0.5196522817460317 0.436536044973545 0.5189781746031746 0.4347384259259259 0.5182075892857143 0.4333257275132275 0.5179188988095238 0.4337109788359788 0.518593005952381 0.43499503968253966 0.5196522817460317 0.4357655423280424 0.5210969742063493 0.43769179894179894 0.5217710813492064 0.4401316137566138 0.5226378968253967 0.4429563492063492 0.5236009424603175 0.445396164021164 0.5249491567460317 0.44873478835978836 0.5262011408730158 0.45117460317460323 0.5276458333333333 0.4532291666666667 0.529186755952381 0.45489847883597884 0.5307276785714286 0.45489847883597884 0.5312090773809524 0.45117460317460323 0.5306312003968254 0.4471941137566138 0.5310166170634921 0.44424074074074077 0.5314980158730159 0.44128703703703703 0.5316907242063492 0.4400029761904762 0.5317869543650794 0.4361507936507937 0.5319796626984127 0.4313994708994709 0.5332316468253968 0.4287030423280423 0.5340984623015873 0.42420866402116403 0.533905753968254 0.421255291005291 0.5345798611111111 0.41753141534391536 0.5348687996031746 0.4102119708994709 0.5347725694444444 0.4063597883597884 0.5349650297619047 0.40443353174603175 0.5358318452380952 0.4031494708994709 0.5363134920634921 0.3978845899470899 0.5373727678571428 0.3935188492063492 0.5377579365079365 0.3887675264550265 0.538046875 0.3863277116402117 0.5376617063492063 0.38220072751322753 0.5379506448412698 0.37937566137566137 0.5374692460317461 0.3770644841269841 0.5374692460317461 0.37321197089947095 0.5372765376984127 0.37051554232804235 0.5374692460317461 0.36589285714285713 0.5369875992063492 0.3611415343915344 0.5366986607142857 0.35883035714285716 0.5366986607142857 0.35536309523809523 0.5367948908730159 0.35074041005291 0.5369875992063492 0.3479153439153439 0.536891369047619 0.3450902777777778 0.5367948908730159 0.34200859788359783 0.5363134920634921 0.34123809523809523 0.5362170138888889 0.3387982804232804 0.5360245535714286 0.33545965608465605 0.5355429067460318 0.3328915343915344 0.5355429067460318 0.33224933862433864 0.5344836309523809 0.33147916666666666 0.5331354166666666 0.3303234126984127 0.5325575396825397 0.3289107142857143 0.5314980158730159 0.3282688492063492 0.5312090773809524 0.3274983465608466 0.531594494047619 0.32955291005291004 0.5329427083333332 0.3303234126984127 0.5343874007936508 0.32878240740740744 0.5348687996031746 0.3274983465608466 0.5349650297619047 0.3253154761904762 0.5342909226190476 0.32403141534391533 0.5343874007936508 0.3215916005291005 0.5344836309523809 0.32043584656084656 0.5341946924603175 0.3202533068783069 0.5353715277777777 0.32346362433862436 0.5351790674603175
0 0.7028984788359789 0.5089563492063492 0.7000165343915343 0.5092651289682539 0.6949388227513227 0.5094709821428571 0.6894497354497355 0.5098826884920635 0.6854699074074073 0.510500248015873 0.6810787037037037 0.5110148809523809 0.677510582010582 0.5117353670634921 0.6742169312169313 0.5128673115079365 0.6728445767195768 0.5142053571428571 0.6646107804232804 0.5155434027777778 0.6640618386243387 0.515749255952381 0.6628267195767196 0.5171902281746033 0.6646107804232804 0.5178077876984127 0.6738052248677249 0.5188370535714286 0.6781967592592594 0.5183224206349207 0.6836858465608465 0.5183224206349207 0.6883518518518519 0.5183224206349207 0.6908220899470899 0.5183224206349207 0.6965856481481482 0.5181165674603174 0.699604828042328 0.5167785218253967 0.7079758597883598 0.5163668154761905 0.7120929232804233 0.5156463293650793 0.7167585978835979 0.5149258432539683 0.7221107804232805 0.515234623015873 0.7271881613756613 0.5151316964285714 0.730756283068783 0.5135877976190476 0.7347361111111111 0.5126617063492064 0.7429699074074074 0.512970238095238 0.7474986772486772 0.512970238095238 0.7516154100529101 0.512970238095238 0.7546345899470899 0.5124558531746032 0.7544973544973544 0.5114265873015873 0.7476359126984128 0.5092651289682539 0.7426954365079366 0.5077212301587302 0.7415975529100529 0.5063831845238096 0.7374804894179895 0.5052509920634921 0.7332265211640212 0.5061773313492063 0.7306190476190476 0.5070007440476191 0.7236203703703704 0.5071036706349207 0.7208756613756614 0.5073095238095238 0.7178564814814814 0.507515376984127 0.7148376322751322 0.507515376984127 0.7130535714285714 0.5079270833333334 0.7028984788359789 0.5089563492063492
1 0.5432212301587301 0.5024017857142857 0.5475363756613757 0.5021006944444445 0.5485400132275132 0.5017244543650794 0.5577724867724868 0.5016490575396825 0.566202380952381 0.5014985119047619 0.5724242724867725 0.5013479662698412 0.5748330026455026 0.5013479662698412 0.5803525132275132 0.501875 0.5846676587301588 0.5017996031746031 0.5889828042328042 0.5019501488095238 0.5929970238095238 0.5029285714285714 0.595807208994709 0.5031545138888889 0.5972119708994709 0.5037564484126984 0.5987172619047619 0.5048102678571429 0.6009252645502646 0.5059392361111111 0.600323082010582 0.5066165674603175 0.5993194444444445 0.5070682043650794 0.5981150793650793 0.5075198412698413 0.5951044973544973 0.507594990079365 0.5912910052910053 0.5082725694444444 0.5889828042328042 0.5081971726190476 0.5886818783068783 0.5085736607142857 0.5904884259259259 0.5094015376984128 0.5931977513227513 0.5091755952380953 0.5970112433862435 0.5088747519841269 0.5994199735449736 0.5085736607142857 0.602229828042328 0.5081971726190476 0.6049394841269842 0.5081220238095239 0.606745701058201 0.5077455357142857 0.6079500661375662 0.5071436011904762 0.6049394841269842 0.5069176587301587 0.6035343915343915 0.5066919642857143 0.6026312830687831 0.505562996031746 0.600323082010582 0.5044340277777778 0.598817791005291 0.5036059027777777 0.5959074074074073 0.5024769345238096 0.593900462962963 0.5017996031746031 0.5903878968253968 0.5016490575396825 0.5875780423280423 0.5014985119047619 0.5822592592592593 0.501046875 0.5796498015873016 0.5007457837301588 0.5782450396825397 0.5005952380952381 0.5765390211640211 0.5001438492063491 0.5745317460317461 0.4996922123015873 0.5723240740740742 0.49991790674603176 0.5721233465608466 0.5002943948412698 0.571521164021164 0.5005200892857142 0.5651987433862434 0.5005200892857142 0.5606828703703705 0.5008963293650793 0.5503462301587302 0.5013479662698412 0.544625992063492 0.5014985119047619 0.542317791005291 0.5013479662698412 0.5387050264550265 0.5014985119047619 0.535192791005291 0.5017996031746031 0.5324831349206349 0.5017244543650794 0.5295727513227514 0.5017996031746031 0.5287698412698413 0.5022512400793651 0.5300747354497354 0.5022512400793651 0.5334867724867725 0.502702876984127 0.5432212301587301 0.5024017857142857
1 0.28685515873015877 0.5377695932539682 0.2861117724867725 0.5379367559523809 0.2844761904761905 0.5382155257936508 0.28313822751322754 0.5385500992063492 0.2817258597883598 0.5391631944444444 0.28120568783068783 0.539609375 0.28038789682539683 0.539609375 0.27838095238095234 0.5397207341269842 0.2776375661375661 0.5397207341269842 0.2757050264550264 0.5400553075396826 0.27429265873015873 0.5401669146825396 0.2731031746031746 0.5401669146825396 0.27198809523809525 0.5398323412698413 0.26923776455026455 0.5405570436507936 0.26983267195767197 0.5410029761904762 0.2713935185185185 0.5411703869047618 0.2736977513227513 0.5414491567460318 0.2749616402116402 0.5418392857142857 0.2766712962962963 0.5419508928571429 0.27845535714285713 0.5413375496031746 0.2790499338624339 0.5417279265873015 0.27830654761904766 0.5422852182539682 0.2762251984126984 0.5431215277777778 0.2778604497354497 0.5434561011904763 0.28009060846560846 0.5434561011904763 0.28350992063492064 0.5437906746031745 0.2852939814814815 0.5447383432539683 0.28685515873015877 0.5457418154761905 0.2890849867724868 0.5456304563492064 0.2915380291005291 0.5454630456349205 0.2934708994708995 0.5453516865079365 0.2936193783068783 0.544515376984127 0.29265310846560844 0.5444037698412698 0.29116633597883596 0.5438462301587301 0.2894566798941799 0.5436790674603175 0.28841600529100525 0.5441808035714286 0.2860373677248677 0.544013640873016 0.28559126984126987 0.5430101686507937 0.28618584656084656 0.542452628968254 0.2849966931216931 0.5420622519841269 0.28395601851851854 0.5411145833333333 0.2833614417989418 0.5406128472222222 0.2820975529100529 0.5394419642857143 0.2827665343915344 0.5391076388888888 0.2849966931216931 0.5389960317460317 0.28707804232804235 0.538717261904762 0.2890849867724868 0.5388288690476191 0.29101785714285716 0.5384942956349206 0.2934708994708995 0.5381039186507937 0.29592361111111115 0.5377695932539682 0.29577513227513225 0.5372120535714286 0.2933220899470899 0.5375466269841269 0.29079464285714285 0.5376021825396825 0.2891593915343915 0.5370448908730158 0.2883416005291006 0.5361527777777778 0.28707804232804235 0.5351493055555556 0.28618584656084656 0.5358182043650793 0.2875982142857143 0.5367103174603175 0.2879699074074074 0.5375466269841269 0.28685515873015877 0.5377695932539682
1 0.26003273809523814 0.552547371031746 0.26093055555555555 0.5524799107142857 0.2623673941798942 0.5521431051587301 0.26488161375661373 0.5527492559523809 0.2691914682539682 0.5526820436507937 0.2702688492063492 0.5526145833333332 0.2749381613756614 0.5530186011904762 0.27718287037037037 0.5530186011904762 0.2808640873015873 0.5528167162698412 0.28239054232804234 0.5527492559523809 0.28472519841269844 0.5526145833333332 0.28472519841269844 0.5517390873015873 0.2832883597883598 0.551469742063492 0.2805949074074074 0.550796378968254 0.2802357804232804 0.5500555555555555 0.28194179894179894 0.5494494047619047 0.28508432539682543 0.5497187499999999 0.28795767195767197 0.5498534226190476 0.29047156084656084 0.5502576884920635 0.2909206349206349 0.5510657242063491 0.29226752645502646 0.5518737599206349 0.293973544973545 0.551469742063492 0.2959490740740741 0.5504595734126984 0.297385582010582 0.5498534226190476 0.3000793650793651 0.5497862103174602 0.3013363095238095 0.5498534226190476 0.3020545634920635 0.5497187499999999 0.3017853835978836 0.548439236111111 0.3025036375661376 0.5478333333333334 0.30340145502645505 0.5476312003968254 0.30403009259259256 0.5473618551587303 0.3023240740740741 0.547092509920635 0.30016898148148147 0.5474965277777778 0.298912037037037 0.5481026785714286 0.29675694444444445 0.5483045634920635 0.2941531084656085 0.5483720238095239 0.2914593253968254 0.5487760416666666 0.28930456349206346 0.5490453869047619 0.28652083333333334 0.5491128472222223 0.2844556878306878 0.5491128472222223 0.2826600529100529 0.5487760416666666 0.2796071428571429 0.5483720238095239 0.2767337962962963 0.5487760416666666 0.27538690476190475 0.5493147321428571 0.27323214285714287 0.5499208829365079 0.2718852513227513 0.5497187499999999 0.27071792328042327 0.5502576884920635 0.2695505952380952 0.5508635912698412 0.2682037037037037 0.5509982638888888 0.2639834656084656 0.5511329365079365 0.2620082671957672 0.5511329365079365 0.26048181216931215 0.5511329365079365 0.2587757936507937 0.5515372023809523 0.2579675925925926 0.5518065476190476 0.25662070105820106 0.5520084325396825 0.25599239417989417 0.5524799107142857 0.25689021164021164 0.5524124503968254 0.2582371031746032 0.5524124503968254 0.26003273809523814 0.552547371031746
0 0.06571296296296296 0.5591289682539682 0.06249537037037037 0.5596922123015873 0.05970701058201058 0.5596922123015873 0.059170634920634915 0.5604161706349207 0.061530092592592595 0.5604161706349207 0.06431878306878307 0.5608182043650793 0.06582010582010582 0.5616225198412699 0.06753637566137566 0.5614618055555555 0.06828703703703703 0.560576884920635 0.07633101851851852 0.5602552083333333 0.08239285714285714 0.5608182043650793 0.08561044973544975 0.5607378472222222 0.08968584656084655 0.5603355654761905 0.09301058201058202 0.5601748511904762 0.09601355820105821 0.5598529265873017 0.10062566137566137 0.5593702876984127 0.10684623015873017 0.5592095734126985 0.1087767857142857 0.5596116071428571 0.12314847883597883 0.5592095734126985 0.12754563492063492 0.5592095734126985 0.1339808201058201 0.5593702876984127 0.13837797619047618 0.5591289682539682 0.14159556878306878 0.5588072916666667 0.14406249999999998 0.559048611111111 0.14663657407407407 0.5593702876984127 0.1537149470899471 0.5588876488095238 0.15746891534391533 0.5583246527777778 0.1612225529100529 0.5580833333333334 0.16722883597883598 0.558485615079365 0.16948115079365078 0.5587269345238095 0.17645238095238094 0.5586463293650794 0.1834236111111111 0.5586463293650794 0.19221825396825398 0.559048611111111 0.1997258597883598 0.5588876488095238 0.20465939153439153 0.558485615079365 0.20873511904761904 0.5576810515873016 0.21259623015873014 0.5575203373015873 0.21302513227513228 0.5563137400793651 0.21559920634920635 0.5558311011904762 0.21785152116402118 0.5551875000000001 0.21999636243386245 0.5541418650793651 0.21838756613756613 0.5541418650793651 0.21634986772486772 0.5543831845238095 0.21377579365079363 0.5545441468253969 0.21216699735449734 0.554061507936508 0.20991468253968254 0.5544635416666667 0.20626818783068782 0.5548658234126984 0.19734292328042327 0.5543831845238095 0.19584126984126984 0.5547854662698413 0.19230191798941798 0.5554288194444444 0.1865102513227513 0.5556701388888888 0.183078373015873 0.5558311011904762 0.1794318783068783 0.5558311011904762 0.1771795634920635 0.5558311011904762 0.1764289021164021 0.5555091765873016 0.17428373015873017 0.5556701388888888 0.17085152116402116 0.5563137400793651 0.16752678571428573 0.5560724206349206 0.1630224867724868 0.5559918154761905 0.1588396164021164 0.5557504960317461 0.15444212962962964 0.5564744543650794 0.1510102513227513 0.5567157738095238 0.1453257275132275 0.5567157738095238 0.14221560846560846 0.5571180555555556 0.14017791005291005 0.557359375 0.13460052910052908 0.5572790178571428 0.1273075396825397 0.5575203373015873 0.12248115079365078 0.5576810515873016 0.12012169312169312 0.5578420138888889 0.11572453703703704 0.5580029761904762 0.11046891534391534 0.5580029761904762 0.1027470238095238 0.5584050099206349 0.09899305555555556 0.558485615079365 0.09502480158730159 0.5585659722222222 0.09170006613756614 0.5584050099206349 0.09030588624338623 0.5587269345238095 0.08805357142857143 0.5584050099206349 0.06756845238095238 0.5593702876984127 0.06571296296296296 0.5591289682539682
1 0.5057099867724868 0.6606210317460317 0.5057099867724868 0.6559987599206349 0.5023786375661375 0.652875496031746 0.49838095238095237 0.6506267361111112 0.49904695767195767 0.6476284722222222 0.49838095238095237 0.6458794642857143 0.5010459656084656 0.6433809523809524 0.500879298941799 0.6395081845238095 0.4978809523809524 0.6372594246031745 0.49238425925925927 0.6340114087301587 0.48738723544973545 0.6315128968253969 0.48655423280423277 0.6301386408730159 0.48672089947089947 0.626515625 0.48772023809523807 0.6243918650793651 0.4883865740740741 0.6212686011904762 0.4902189153439154 0.6198943452380953 0.4932172619047619 0.6205190972222222 0.499380291005291 0.6213936011904762 0.5028783068783068 0.6216433531746032 0.5093743386243386 0.6228926091269842 0.5108736772486773 0.623642361111111 0.5143716931216932 0.623642361111111 0.518536044973545 0.6228926091269842 0.5251987433862434 0.6218933531746033 0.5301957671957671 0.6216433531746032 0.5326944444444445 0.6216433531746032 0.5393571428571429 0.6216433531746032 0.544021164021164 0.6212686011904762 0.54751917989418 0.6203940972222223 0.5523498677248677 0.6202693452380952 0.5581798941798941 0.6200193452380953 0.5635102513227513 0.6198943452380953 0.5663419312169312 0.6200193452380953 0.5710059523809524 0.6206440972222222 0.5793343253968254 0.6208938492063492 0.5879960317460318 0.6206440972222222 0.5889953703703704 0.6196445932539683 0.5928267195767196 0.6193948412698413 0.5968244047619048 0.6195195932539682 0.60082208994709 0.6205190972222222 0.605652447089947 0.6232676091269841 0.6106498015873016 0.625516121031746 0.6154801587301587 0.6271403769841271 0.6186451719576719 0.627764880952381 0.6213101851851852 0.6286393849206349 0.624641865079365 0.6308881448412699 0.6276398809523809 0.6327621527777778 0.6344695767195767 0.6355104166666667 0.6384672619047619 0.6373844246031747 0.6424649470899472 0.6388834325396826 0.6461292989417989 0.6405076884920635 0.6492943121693121 0.6413821924603175 0.6514596560846561 0.6431312003968254 0.6527923280423281 0.6452549603174603 0.6551243386243386 0.6470039682539682 0.6581223544973545 0.6466292162698413 0.6594550264550264 0.6436307043650794 0.6591220238095238 0.6412571924603174 0.6542913359788359 0.6397579365079364 0.6496273148148148 0.6378841765873016 0.6427979497354497 0.6358851686507937 0.6384672619047619 0.6347609126984127 0.6323039021164021 0.6326371527777778 0.627473544973545 0.6293888888888889 0.6234758597883598 0.6271403769841271 0.6199778439153439 0.626265873015873 0.6153138227513227 0.625891121031746 0.611815806878307 0.6245168650793651 0.6078181216931217 0.6227678571428571 0.6039867724867725 0.6200193452380953 0.6024877645502645 0.6175208333333333 0.6003224206349206 0.6146475694444444 0.5981567460317461 0.6135230654761904 0.5956583994708995 0.6122738095238095 0.5908277116402116 0.6096502976190477 0.5863303571428572 0.6076515376984127 0.5814996693121693 0.6044032738095239 0.5778353174603175 0.6034040178571429 0.5756696428571428 0.6030290178571429 0.5721719576719577 0.6022795138888889 0.5678409391534391 0.6010302579365079 0.5641762566137566 0.599656001984127 0.562510582010582 0.598406746031746 0.5608449074074073 0.5972824900793651 0.5615112433862434 0.5959082341269842 0.5606782407407407 0.5959082341269842 0.5580132275132276 0.5967827380952381 0.5586795634920635 0.597657242063492 0.5598455687830688 0.59928125 0.563176917989418 0.600780505952381 0.5673412698412699 0.6026542658730158 0.5710059523809524 0.6039035218253967 0.5765026455026455 0.6049030257936509 0.5785016534391534 0.6054027777777777 0.5834986772486772 0.6081512896825396 0.5851643518518519 0.6089007936507937 0.5871633597883599 0.6099000496031747 0.589828373015873 0.6118990575396825 0.5918270502645503 0.6131483134920634 0.5976570767195767 0.6150223214285714 0.598823082010582 0.6170210813492064 0.5958250661375661 0.6171460813492063 0.5878293650793651 0.6183953373015872 0.5854973544973545 0.6187700892857142 0.5814996693121693 0.6188950892857144 0.5770023148148148 0.6190198412698412 0.5711722883597883 0.6181453373015873 0.5653422619047619 0.6176458333333333 0.5575135582010582 0.6173958333333334 0.5506841931216931 0.6185203373015873 0.5470195105820106 0.6188950892857144 0.5416891534391535 0.6195195932539682 0.5371917989417989 0.6198943452380953 0.528863425925926 0.6200193452380953 0.5218673941798941 0.6196445932539683 0.5170367063492064 0.6202693452380952 0.5137053571428571 0.6215186011904762 0.5098743386243386 0.6212686011904762 0.5067093253968253 0.6202693452380952 0.5015456349206349 0.6197695932539683 0.4967149470899471 0.6195195932539682 0.4937169312169312 0.6185203373015873 0.49121825396825397 0.6177705853174603 0.4913849206349207 0.6160215773809524 0.49338359788359787 0.6137730654761905 0.49454960317460317 0.6117740575396825 0.49721494708994707 0.6101500496031746 0.5010459656084656 0.6096502976190477 0.5042106481481481 0.6106498015873015 0.5047106481481481 0.6094005456349206 0.5043773148148148 0.6072767857142857 0.5070426587301587 0.6066520337301587 0.5107070105820105 0.6059025297619047 0.5133723544973545 0.6047780257936508 0.518702380952381 0.6035287698412698 0.5215340608465608 0.602154513888889 0.5240327380952381 0.6016550099206349 0.5270310846560846 0.6006555059523809 0.5320281084656084 0.5990314980158731 0.5325277777777778 0.5985317460317461 0.5293630952380952 0.59928125 0.526198082010582 0.599656001984127 0.5217007275132275 0.6011552579365079 0.5157043650793651 0.6024045138888889 0.507542328042328 0.6046532738095238 0.5030446428571429 0.6052777777777778 0.5015456349206349 0.6054027777777777 0.4995469576719577 0.6057775297619047 0.4970482804232804 0.6079012896825396 0.4932172619047619 0.6085260416666667 0.48855324074074075 0.6086507936507937 0.4853882275132275 0.6102750496031746 0.48288955026455027 0.6123988095238095 0.48372255291005295 0.6148973214285715 0.4857215608465608 0.6182703373015873 0.4862212301587302 0.6211436011904762 0.4853882275132275 0.6226428571428572 0.4853882275132275 0.625516121031746 0.48388921957671954 0.6276398809523809 0.48405555555555557 0.6300136408730159 0.4863875661375661 0.6328869047619048 0.4902189153439154 0.6351356646825397 0.4932172619047619 0.6370096726190476 0.49521593915343914 0.6388834325396826 0.49538260582010585 0.6405076884920635 0.49521593915343914 0.6426314484126985 0.4942166005291005 0.6446302083333333 0.4937169312169312 0.6473787202380953 0.4958822751322751 0.6505019841269841 0.49871395502645505 0.652750496031746 0.5015456349206349 0.655873759920635 0.5032113095238095 0.6582475198412698 0.5057099867724868 0.6606210317460317
1 0.6921008597883598 0.5961173115079366 0.6930720899470899 0.5962996031746032 0.6951362433862435 0.5968459821428572 0.6972003968253968 0.5968459821428572 0.6987791005291006 0.5971190476190475 0.6987791005291006 0.5977564484126984 0.6987791005291006 0.5983028273809524 0.6997503306878307 0.5993958333333333 0.7027857142857143 0.5997599206349207 0.7049715608465608 0.5993045634920635 0.706307208994709 0.5991225198412697 0.709463955026455 0.5990314980158731 0.7124996693121693 0.5990314980158731 0.7143207671957673 0.5996688988095238 0.7158994708994709 0.6000332341269841 0.717842261904762 0.600124255952381 0.7192992724867725 0.6003975694444444 0.7208776455026455 0.6012170138888889 0.7228204365079366 0.60221875 0.7242774470899471 0.6024920634920635 0.7260988756613757 0.602765128968254 0.7275558862433862 0.6028561507936507 0.7307126322751324 0.6034937996031745 0.7331412037037036 0.6044042658730159 0.7352053571428572 0.6050419146825396 0.7375122354497354 0.6054970238095239 0.7386051587301588 0.6060436507936509 0.741276455026455 0.6075917658730159 0.7441904761904761 0.6071364087301587 0.7422476851851851 0.605406001984127 0.7405479497354497 0.604859623015873 0.7387265211640212 0.6034025297619048 0.7366623677248677 0.602765128968254 0.7341124338624339 0.6024920634920635 0.7327767857142857 0.6021277281746031 0.7304699074074074 0.6004885912698413 0.7292556216931216 0.5998509424603174 0.7250059523809524 0.5990314980158731 0.7223346560846561 0.5983028273809524 0.7200277777777778 0.5974833829365079 0.7171134259259259 0.5968459821428572 0.7135922619047619 0.5964816468253968 0.7151709656084656 0.595388888888889 0.7171134259259259 0.5949335317460317 0.717235119047619 0.594204861111111 0.7188134920634921 0.593203125 0.7203918650793651 0.594204861111111 0.7222132936507937 0.5952065972222222 0.7237916666666667 0.5947512400793651 0.7245201719576719 0.5935674603174603 0.7274345238095239 0.5932943948412699 0.7313197751322751 0.5934764384920634 0.7352053571428572 0.5930210813492064 0.7364196428571429 0.5917462797619047 0.7399408068783069 0.5909265873015873 0.737390873015873 0.5910176091269842 0.733869708994709 0.5912909226190476 0.7305912698412699 0.5914729662698412 0.7279199735449735 0.5910176091269842 0.7256130952380953 0.5907445436507937 0.7233062169312169 0.591108630952381 0.7213634259259258 0.5912909226190476 0.7196633597883598 0.591108630952381 0.7177205687830689 0.5922926587301587 0.7155350529100528 0.5930210813492064 0.7139566798941799 0.5939317956349207 0.7117711640211641 0.5952065972222222 0.7098283730158731 0.5955709325396825 0.7065499338624338 0.595388888888889 0.7032714947089947 0.5944781746031746 0.6999930555555556 0.594296130952381 0.6963505291005292 0.5950245535714286 0.6928293650793651 0.5950245535714286 0.6921008597883598 0.5961173115079366
1 0.9822800925925926 0.7398382936507936 0.9735902777777778 0.7363189484126985 0.9617724867724868 0.7309749503968255 0.952735119047619 0.7274556051587302 0.9405697751322751 0.7223720238095238 0.9336180555555555 0.7193742559523809 0.926666335978836 0.7167673611111111 0.9150221560846561 0.7124657738095238 0.904073082010582 0.7079037698412699 0.8997281746031746 0.7050362103174603 0.8964262566137566 0.7038630952380953 0.8879103835978837 0.7011259920634921 0.8795681216931216 0.6989099702380953 0.8701835317460317 0.6938266369047619 0.8613197751322751 0.6905679563492063 0.8540205026455027 0.6888735119047619 0.8453310185185186 0.686657490079365 0.8378578042328042 0.6836597222222223 0.8329917328042329 0.681704365079365 0.8279517195767196 0.6790974702380953 0.8216951058201059 0.6763603670634921 0.8192619047619047 0.6749265873015873 0.8168287037037038 0.6750567956349207 0.8150909391534392 0.6768816964285714 0.8199570105820106 0.6793581349206349 0.8260400132275133 0.6813134920634921 0.8300370370370371 0.6827472718253969 0.835772156084656 0.6860059523809524 0.8415076058201059 0.6875699404761905 0.85019708994709 0.6901768353174603 0.8566276455026455 0.6929141865079365 0.8639269179894179 0.6951299603174603 0.8710522486772486 0.6974761904761905 0.8745281084656085 0.6989099702380953 0.8788730158730159 0.7013866567460317 0.8837390873015873 0.7032113095238095 0.8846081349206348 0.704906001984127 0.8868673941798942 0.7067306547619048 0.8943406084656085 0.7084250992063492 0.8985115740740741 0.7093375496031746 0.9042470238095239 0.7114231150793651 0.9089391534391534 0.7135086805555556 0.9162387566137566 0.7161155753968255 0.9245806878306878 0.719765128968254 0.9311848544973544 0.7222418154761905 0.9369199735449736 0.7239362599206349 0.940917328042328 0.7261520337301587 0.944566798941799 0.7283680555555556 0.9503022486772487 0.7295411706349207 0.9541256613756613 0.7314962797619048 0.9603822751322751 0.7331907242063492 0.9668125000000001 0.7352762896825397 0.9732427248677248 0.7385349702380952 0.9770661375661376 0.7411418650793651 0.9834966931216932 0.7429665178571428 0.986625 0.7444005456349205 0.992360119047619 0.7464858630952381 0.9965310846560848 0.7483107638888888 0.9996593915343914 0.749092757936508 0.9993118386243386 0.7475287698412698 0.997921626984127 0.7468769841269841 0.9822800925925926 0.7398382936507936
0 0.6043125 0.5219474206349207 0.6038584656084656 0.521266369047619 0.6015876322751322 0.5207554563492064 0.5979550264550264 0.5203296130952381 0.5964791666666667 0.5205 0.5939814814814814 0.5205850694444444 0.5937542989417989 0.5206703869047619 0.5920512566137567 0.5206703869047619 0.5889861111111111 0.5209258432539683 0.5872830687830688 0.5210109126984127 0.5844451058201059 0.5208405257936508 0.5831960978835979 0.5210959821428572 0.5814933862433862 0.521266369047619 0.5804715608465608 0.5218623511904762 0.5830826719576719 0.5227988591269842 0.5836501322751323 0.5236505456349206 0.5828554894179895 0.5241612103174603 0.5816068121693122 0.5244166666666666 0.5806984126984127 0.5248425099206349 0.5817202380952381 0.5272266865079365 0.5845585317460317 0.5274821428571429 0.5869424603174603 0.5271413690476191 0.5903485449735449 0.5264603174603175 0.5944355158730159 0.5265453869047619 0.5980684523809524 0.5268859126984127 0.5997714947089947 0.5268859126984127 0.6021554232804233 0.5267157738095237 0.6026094576719576 0.5261197916666667 0.6034041005291005 0.5254384920634921 0.6040853174603175 0.5250979662698413 0.6040853174603175 0.5242465277777778 0.6045396825396825 0.5227137896825397 0.6043125 0.5219474206349207
1 0.4854563492063492 0.5344813988095238 0.48686937830687826 0.5343298611111111 0.48868584656084657 0.5347083333333333 0.49040178571428567 0.5347083333333333 0.4934295634920635 0.5345570436507936 0.49433796296296295 0.5349355158730159 0.49514517195767194 0.5353896329365079 0.498375 0.5353139880952381 0.5009990079365079 0.5350868055555555 0.5035221560846561 0.5350111607142857 0.509073082010582 0.5349355158730159 0.5126054894179893 0.5347842261904762 0.5168445767195767 0.5346326884920635 0.5199732142857143 0.5346326884920635 0.5221934523809524 0.5345570436507936 0.5247166005291005 0.534405753968254 0.5270380291005291 0.5341029265873016 0.5294603174603174 0.5342542162698413 0.5329927248677249 0.5338000992063493 0.5365251322751323 0.5325890376984127 0.5385436507936509 0.5318320932539683 0.5412685185185185 0.5319077380952381 0.5445992063492063 0.5317564484126984 0.5474252645502645 0.5316805555555555 0.5512602513227514 0.5316805555555555 0.5536825396825397 0.531529265873016 0.5565085978835979 0.5313020833333334 0.559838955026455 0.5312264384920635 0.5632705026455026 0.5306207837301588 0.5654910714285715 0.5304694940476191 0.5695281084656084 0.5303182043650794 0.5722529761904762 0.5291827876984126 0.5745744047619047 0.5282743055555555 0.577400462962963 0.5285014880952381 0.5780059523809524 0.5281986607142858 0.5772992724867725 0.527593005952381 0.5776021825396825 0.5268360615079365 0.5753819444444445 0.5268360615079365 0.5729596560846562 0.526609126984127 0.5684179894179894 0.5269875992063492 0.5633716931216931 0.5283499503968253 0.5595363756613757 0.5288043154761906 0.5506547619047619 0.5294853670634921 0.5478287037037037 0.5291068948412698 0.5449021164021164 0.5288799603174603 0.5398558201058201 0.5291827876984126 0.5378373015873016 0.5299397321428572 0.5335982142857143 0.530999255952381 0.5307721560846561 0.5316805555555555 0.528249007936508 0.5317564484126984 0.5240102513227514 0.5316805555555555 0.5219917328042328 0.5319077380952381 0.5192665343915344 0.5322862103174603 0.5166425264550265 0.5325133928571428 0.5142202380952381 0.5319833829365079 0.5113945105820106 0.531529265873016 0.5068528439153439 0.5320590277777778 0.505036044973545 0.5326646825396826 0.5030175264550265 0.5333459821428571 0.5017053571428571 0.5340272817460318 0.4970628306878307 0.534405753968254 0.49595271164021165 0.5341785714285714 0.49322751322751324 0.533421626984127 0.49110813492063493 0.5334972718253969 0.48838326719576725 0.5337244543650793 0.48495171957671956 0.5340272817460318 0.4854563492063492 0.5344813988095238