0 0.23047883597883598 0.8025404265873015 0.24003604497354497 0.8041946924603175 0.24885813492063494 0.8041946924603175 0.2683406084656085 0.8011619543650793 0.2848819444444444 0.8003348214285714 0.299953373015873 0.7984050099206349 0.3179652777777778 0.7970265376984127 0.3267873677248677 0.7956480654761905 0.32789021164021165 0.792891121031746 0.3411233465608466 0.7871016865079365 0.34259358465608464 0.7846205357142858 0.3396531084656085 0.7766252480158731 0.3334041005291005 0.7700086805555556 0.32347916666666665 0.7644947916666667 0.31833267195767195 0.765873263888889 0.31318650793650793 0.765873263888889 0.30252645502645503 0.7644947916666667 0.29517460317460315 0.7614623015873015 0.29186640211640213 0.7620136408730158 0.2837794312169312 0.7636679067460317 0.2698108465608466 0.7669761904761905 0.26098875661375665 0.7672517361111112 0.2451825396825397 0.7691815476190477 0.22349470899470897 0.7984050099206349 0.23047883597883598 0.8025404265873015
0 0.6998339947089947 0.7395523313492064 0.7015846560846561 0.7425066964285714 0.7068366402116403 0.7503846726190476 0.7116511243386243 0.7569499007936508 0.712526455026455 0.767782242063492 0.7151524470899471 0.7727058531746033 0.7234679232804232 0.7759883432539683 0.7304708994708995 0.7805840773809524 0.7374735449735449 0.7861641865079365 0.7462268518518519 0.7897750496031746 0.7624206349206349 0.7953554067460318 0.78124041005291 0.7979813988095238 0.8022486772486772 0.8002790178571428 0.8110019841269841 0.8035617559523809 0.8241322751322752 0.804546378968254 0.8346362433862434 0.804218253968254 0.843827380952381 0.7983095238095238 0.8486415343915343 0.7897750496031746 0.8560820105820105 0.7855076884920634 0.8565198412698413 0.7822251984126983 0.8560820105820105 0.7720493551587301 0.8617718253968254 0.765484375 0.8801537698412698 0.7582628968253968 0.8945968915343915 0.7530106646825397 0.9046633597883599 0.7520260416666666 0.9199818121693122 0.7497281746031746 0.9186686507936508 0.7451326884920635 0.9160426587301587 0.7418501984126984 0.905976521164021 0.7388958333333333 0.8924087301587301 0.7336438492063493 0.8792784391534392 0.7300332341269842 0.8696498015873015 0.7346287202380952 0.8665859788359789 0.7362698412698412 0.8543313492063492 0.7398807043650794 0.8390128968253969 0.7411937003968254 0.824569775132275 0.7418501984126984 0.8118773148148148 0.7421785714285715 0.7983095238095239 0.7418501984126984 0.7843042328042328 0.7405372023809523 0.7654844576719576 0.7359417162698413 0.751478835978836 0.7333157242063492 0.7392242063492064 0.7313462301587301 0.7217172619047619 0.7313462301587301 0.7007093253968254 0.7336438492063493 0.6998339947089947 0.7395523313492064
0 0.514557208994709 0.45697916666666666 0.5228865740740741 0.4571354166666667 0.5345479497354497 0.45729166666666665 0.549541335978836 0.4558859126984127 0.5632850529100529 0.45432415674603177 0.560786044973545 0.45385565476190476 0.5566213624338624 0.4532309027777778 0.5524566798941799 0.4530746527777778 0.5464176587301587 0.4526061507936508 0.5374632936507936 0.4527624007936508 0.5287172619047619 0.4529186507936508 0.5222619047619047 0.4536994047619048 0.5174725529100529 0.4547926587301587 0.5126828703703704 0.4560421626984127 0.514557208994709 0.45697916666666666
2 0.9216269841269841 0.5647321428571429 0.9246031746031746 0.5677083333333334 0.935515873015873 0.5721726190476191 0.9619708994708994 0.5771329365079365 0.9996693121693122 0.5806051587301587 0.9996693121693122 0.5572916666666666 0.9639550264550265 0.5553075396825397 0.9451058201058201 0.5565476190476191 0.9285714285714286 0.5587797619047619 0.9222883597883598 0.5629960317460317 0.9216269841269841 0.5647321428571429
1 0.7666147486772487 0.5114005456349207 0.7446911375661376 0.5115773809523809 0.7191137566137565 0.5120193452380952 0.690353835978836 0.5118425099206348 0.6897645502645503 0.5103397817460318 0.6905896164021164 0.5085716765873016 0.6911792328042329 0.5067152777777778 0.6915327380952382 0.5053008432539683 0.6889394841269841 0.5037098214285715 0.6879966931216931 0.5030910218253968 0.6864642857142857 0.5019417162698413 0.6849322089947091 0.500969246031746 0.6844606481481482 0.5028256448412699 0.6858749999999999 0.5039749503968254 0.6869358465608465 0.5058313492063492 0.686817791005291 0.5075994543650794 0.6858749999999999 0.5098978174603175 0.6855214947089947 0.511312251984127 0.6821031746031746 0.5121961805555556 0.6791564153439152 0.5121078869047619 0.679274470899471 0.5136106150793651 0.6803353174603174 0.5156438492063492 0.6803353174603174 0.5173234126984126 0.681513888888889 0.5183844246031747 0.6818673941798942 0.5198871527777778 0.6836355820105819 0.5220972222222222 0.6874074074074074 0.5229811507936507 0.6897645502645503 0.5236884920634921 0.6925935846560846 0.5249260912698412 0.6945972222222222 0.5277547123015873 0.6980155423280423 0.5291691468253968 0.7011977513227513 0.5299647817460318 0.7028478835978835 0.5280200892857142 0.7042625661375661 0.5265171130952381 0.7049695767195767 0.5251912202380952 0.7065019841269842 0.5240419146825397 0.7094487433862434 0.5236884920634921 0.7139275793650793 0.5234231150793651 0.7182886904761905 0.5228928571428572 0.7237106481481482 0.5228043154761906 0.726421626984127 0.5223623511904761 0.7307827380952382 0.5232462797619047 0.7327867063492064 0.524483878968254 0.7354973544973544 0.5258983134920635 0.7379728835978836 0.5258983134920635 0.7428052248677248 0.5272244543650794 0.7474021164021163 0.527578125 0.7498773148148148 0.5271359126984126 0.752824074074074 0.5261636904761905 0.7570674603174603 0.5265171130952381 0.758953373015873 0.5262519841269842 0.7604854497354497 0.5258983134920635 0.7646111111111111 0.5257214781746031 0.7679113756613757 0.5260751488095239 0.7718009259259259 0.5261636904761905 0.7769871031746032 0.5254563492063492 0.7802873677248677 0.5251912202380952 0.7872417328042328 0.5257214781746031 0.7901884920634922 0.5256331845238096 0.7916028439153439 0.5238650793650794 0.7931349206349206 0.5225391865079365 0.7965532407407407 0.522185515873016 0.7984391534391534 0.5220086805555556 0.8040968915343916 0.5216552579365079 0.8055112433862434 0.5212130456349207 0.8069255952380953 0.5200639880952381 0.8117582671957673 0.5197986111111111 0.8152943121693121 0.5193566468253967 0.8211878306878306 0.5198871527777778 0.8200089285714285 0.5205942460317461 0.8227199074074075 0.5220972222222222 0.8251951058201058 0.521124751984127 0.8274348544973545 0.5200639880952381 0.8319136904761905 0.5196220238095238 0.8353320105820106 0.5193566468253967 0.8400466269841269 0.5197986111111111 0.8427576058201057 0.5196220238095238 0.8395750661375662 0.5178539186507937 0.8395750661375662 0.5175887896825397 0.8375714285714285 0.5163511904761905 0.8361570767195768 0.5151133432539682 0.8336818783068783 0.5161743551587302 0.8326210317460317 0.5167931547619048 0.8310886243386243 0.5167046130952381 0.8276703042328042 0.5159975198412698 0.8241342592592592 0.5159089781746031 0.8198912037037037 0.5163511904761905 0.8157658730158731 0.5166163194444444 0.8109332010582011 0.5158206845238096 0.8079864417989419 0.5150250496031746 0.8055112433862434 0.513875744047619 0.8064540343915344 0.5124613095238095 0.8101081349206348 0.5121078869047619 0.8157658730158731 0.5119310515873017 0.819301917989418 0.5120193452380952 0.8248416005291005 0.5118425099206348 0.8312063492063493 0.5112237103174603 0.8346246693121694 0.5116659226190475 0.8399285714285715 0.5140525793650793 0.840989417989418 0.5136991567460317 0.8419325396825397 0.5131686507936508 0.8445254629629629 0.5123730158730159 0.8477080026455026 0.5121078869047619 0.8513621031746031 0.5120193452380952 0.8539550264550265 0.5119310515873017 0.8574910714285714 0.5118425099206348 0.8605555555555556 0.5115773809523809 0.8737569444444444 0.5121078869047619 0.8754070767195767 0.5121078869047619 0.8765856481481482 0.5120193452380952 0.877057208994709 0.5112237103174603 0.8697493386243386 0.5108702876984127 0.86338458994709 0.511312251984127 0.8603197751322751 0.5112237103174603 0.8569017857142858 0.511047123015873 0.8538373015873015 0.5111354166666667 0.851597552910053 0.5111354166666667 0.8503012566137567 0.510516617063492 0.8487688492063492 0.5100746527777777 0.8455863095238095 0.5093673115079365 0.8424041005291005 0.5087485119047619 0.8418144841269841 0.5075109126984128 0.841343253968254 0.5067152777777778 0.8419325396825397 0.5054776785714286 0.8425218253968254 0.5047705853174603 0.8414609788359788 0.5041517857142858 0.8400466269841269 0.5035329861111111 0.8375714285714285 0.5026488095238095 0.8372179232804232 0.5034444444444445 0.8356855158730159 0.5035329861111111 0.8345069444444444 0.5039749503968254 0.8362748015873016 0.5053008432539683 0.836510582010582 0.5054776785714286 0.8359212962962963 0.5064501488095238 0.8376891534391534 0.507157242063492 0.8380429894179895 0.5082182539682539 0.8373356481481482 0.5091021825396825 0.8358032407407407 0.5094558531746032 0.8349781746031747 0.5096326884920634 0.8328564814814815 0.5099861111111111 0.8046861772486773 0.5101629464285714 0.8032718253968254 0.510251488095238 0.7666147486772487 0.5114005456349207
1 0.3421061507936508 0.6234407242063492 0.3409629629629629 0.6215540674603175 0.33913359788359787 0.6208680555555556 0.33684656084656084 0.6210394345238095 0.33501719576719574 0.6230977182539682 0.3297576058201058 0.623955109126984 0.3203816137566137 0.624126736111111 0.3112344576719577 0.624641369047619 0.30277314814814815 0.625155753968254 0.29293981481481485 0.6263563988095239 0.2821917989417989 0.6270424107142858 0.2753316798941799 0.6275570436507937 0.2666415343915344 0.6284144345238095 0.257037037037037 0.6275570436507937 0.25109126984126984 0.6273854166666667 0.24514583333333334 0.6285860615079365 0.23691302910052908 0.6309871031746032 0.2298240740740741 0.6318447420634921 0.21999074074074074 0.632359126984127 0.21404497354497357 0.632359126984127 0.20855687830687833 0.6328737599206349 0.19963822751322752 0.6335597718253968 0.19575066137566138 0.6333883928571429 0.1904910714285714 0.6335597718253968 0.1834017857142857 0.6356178075396826 0.17791369047619046 0.6356178075396826 0.16990972222222223 0.6356178075396826 0.1657936507936508 0.6364754464285713 0.15939054232804234 0.6366470734126983 0.15321593915343915 0.6342457837301587 0.1447549603174603 0.6342457837301587 0.13720833333333335 0.6349317956349206 0.12829001322751324 0.6352748015873015 0.12028604497354498 0.6354464285714285 0.11594113756613757 0.6352748015873015 0.11159623015873016 0.6345887896825396 0.10908068783068783 0.6327021329365079 0.11228207671957671 0.6306440972222223 0.1154837962962963 0.6285860615079365 0.11754199735449736 0.6268707837301588 0.12120072751322752 0.6248127480158729 0.12188690476190477 0.6237837301587301 0.12188690476190477 0.6220687003968254 0.11777050264550264 0.6232690972222222 0.11616964285714286 0.6263563988095239 0.11319708994708995 0.6284144345238095 0.10885185185185185 0.6309871031746032 0.10222023809523809 0.6321877480158731 0.09879001322751323 0.6337313988095238 0.09879001322751323 0.6361324404761904 0.09673181216931216 0.6369900793650793 0.09513128306878307 0.6385334821428571 0.10107671957671958 0.6376760912698413 0.10450694444444444 0.6375044642857143 0.11068154761904762 0.6375044642857143 0.1141117724867725 0.6395627480158731 0.11159623015873016 0.6411061507936509 0.10565046296296297 0.6417924107142857 0.09901884920634921 0.6421354166666667 0.09490244708994709 0.6436788194444445 0.09055753968253968 0.6447080853174604 0.08392592592592593 0.6452224702380952 0.07477843915343915 0.6453940972222222 0.06997619047619048 0.6450510912698413 0.06311574074074074 0.6459084821428571 0.0576276455026455 0.6460801091269841 0.04642228835978836 0.6459084821428571 0.03910449735449735 0.6464231150793651 0.03498809523809524 0.6469375 0.02972850529100529 0.6472807539682539 0.024240079365079367 0.6476237599206349 0.019437830687830688 0.6481381448412699 0.012348875661375663 0.6481381448412699 0.006403108465608465 0.6489957837301588 0.007317791005291006 0.6500248015873016 0.01509292328042328 0.6498531746031746 0.01692228835978836 0.6508824404761905 0.023096891534391532 0.6507108134920635 0.026755621693121696 0.6501964285714286 0.03247255291005291 0.6500248015873016 0.03681746031746032 0.6491671626984127 0.040476521164021166 0.6493387896825397 0.04436408730158731 0.6498531746031746 0.05076719576719577 0.6491671626984127 0.056484126984126984 0.6498531746031746 0.058084986772486774 0.6501964285714286 0.05899966931216931 0.6503678075396825 0.05465476190476191 0.6527688492063491 0.055112103174603175 0.6543125000000001 0.05717030423280424 0.654998511904762 0.0606005291005291 0.6563707837301588 0.06563128306878306 0.654998511904762 0.06586011904761904 0.6561991567460318 0.06608862433862434 0.6582571924603174 0.059685515873015876 0.6601438492063492 0.05374007936507936 0.6613444940476191 0.04687962962962963 0.6630595238095238 0.04230588624338624 0.6639171626984127 0.03567427248677249 0.6644317956349206 0.03178670634920635 0.6663182043650793 0.026527116402116403 0.6678618551587302 0.025612103174603173 0.6704345238095238 0.030643187830687833 0.6712921626984127 0.035902777777777777 0.6702631448412699 0.042077380952380956 0.669405505952381 0.04779431216931217 0.6685478670634921 0.05145304232804233 0.6690625 0.04642228835978836 0.6716351686507936 0.04825165343915344 0.6742078373015873 0.04779431216931217 0.6772948908730159 0.043220568783068784 0.6779809027777778 0.035216931216931216 0.6791815476190476 0.02881382275132275 0.6796961805555555 0.02744179894179894 0.6795245535714285 0.024926256613756612 0.6779809027777778 0.023554232804232803 0.6776378968253968 0.0178369708994709 0.6790101686507936 0.006860449735449735 0.6805535714285714 0.002515542328042328 0.6836408730158731 0.0011435185185185185 0.6870711805555556 0.0011435185185185185 0.6929025297619047 0.009375992063492064 0.6927309027777777 0.01669378306878307 0.6923878968253968 0.023325396825396826 0.6925595238095238 0.028127645502645505 0.690329861111111 0.035902777777777777 0.6891292162698412 0.0413912037037037 0.6891292162698412 0.04504993386243386 0.6887862103174603 0.05374007936507936 0.6893005952380953 0.061515211640211634 0.6879285714285714 0.06746064814814814 0.6855275297619048 0.07363525132275132 0.6851845238095239 0.07637929894179894 0.6867281746031746 0.07683664021164022 0.6894722222222223 0.08415443121693122 0.6905012400793651 0.09513128306878307 0.6882715773809523 0.10222023809523809 0.6868995535714286 0.1079371693121693 0.6874141865079365 0.11754199735449736 0.6879285714285714 0.1301193783068783 0.6877571924603174 0.13812301587301587 0.6860419146825397 0.14635548941798943 0.6850128968253969 0.15344477513227514 0.684326884920635 0.1571035052910053 0.6834692460317461 0.15870436507936508 0.6829548611111111 0.15344477513227514 0.6868995535714286 0.14749900793650794 0.6901582341269841 0.142239417989418 0.6934169146825396 0.1376656746031746 0.6977046130952381 0.12646031746031747 0.7016495535714286 0.12211541005291005 0.7043936011904761 0.1184566798941799 0.7047366071428571 0.10770866402116402 0.7043936011904761 0.10130555555555557 0.7043936011904761 0.09513128306878307 0.7043936011904761 0.0873561507936508 0.7038792162698413 0.08163888888888889 0.7030215773809524 0.07683664021164022 0.7018209325396826 0.07500727513227513 0.7006202876984127 0.07386375661375662 0.6980478670634921 0.07477843915343915 0.6961612103174604 0.07569345238095238 0.6949605654761906 0.07523578042328043 0.6937599206349205 0.06677480158730159 0.6954751984126984 0.06380191798941799 0.6980478670634921 0.055112103174603175 0.6989052579365079 0.0503098544973545 0.698733878968254 0.04802281746031746 0.7002772817460318 0.04070502645502645 0.6999342757936509 0.03910449735449735 0.7011349206349207 0.04642228835978836 0.7019925595238096 0.05717030423280424 0.7019925595238096 0.06448809523809523 0.7019925595238096 0.06951884920634921 0.7042222222222222 0.07592195767195767 0.7064516369047619 0.08689880952380952 0.7085099206349207 0.09421660052910052 0.7102249503968254 0.10153406084656084 0.7102249503968254 0.10770866402116402 0.7076522817460317 0.11502645502645502 0.7078239087301587 0.12097222222222222 0.7088529265873016 0.12829001322751324 0.7088529265873016 0.13217757936507937 0.7093675595238096 0.1433829365079365 0.7097105654761905 0.15115806878306878 0.7083382936507936 0.1571035052910053 0.7071378968253967 0.16053373015873015 0.7079952876984127 0.16373544973544973 0.7079952876984127 0.1673941798941799 0.7078239087301587 0.17814219576719575 0.7078239087301587 0.1850026455026455 0.706108630952381 0.19369246031746032 0.7026785714285714 0.1971226851851852 0.7025069444444444 0.20055291005291004 0.705594246031746 0.20329695767195766 0.7066232638888889 0.2158746693121693 0.7073092757936508 0.21861871693121693 0.7079952876984127 0.22456448412698413 0.7098819444444445 0.22685119047619048 0.7098819444444445 0.22410714285714287 0.7078239087301587 0.21678935185185186 0.706280257936508 0.21221560846560847 0.7040505952380952 0.20992890211640214 0.7019925595238096 0.213130291005291 0.6992482638888889 0.22090542328042329 0.6966755952380953 0.22776587301587303 0.6920448908730158 0.23302546296296295 0.6894722222222223 0.23439781746031746 0.6856989087301587 0.23279695767195765 0.683983878968254 0.2295952380952381 0.6824402281746033 0.22296362433862432 0.6867281746031746 0.21861871693121693 0.6896438492063491 0.21038624338624337 0.691358878968254 0.20375462962962962 0.6939315476190475 0.20169642857142855 0.6971902281746032 0.1968941798941799 0.6990768849206349 0.19346395502645503 0.6997628968253968 0.18020039682539685 0.7028499503968254 0.16945238095238094 0.7037075892857143 0.16304927248677248 0.7038792162698413 0.1557314814814815 0.7033645833333333 0.1468128306878307 0.705422619047619 0.14132473544973545 0.7064516369047619 0.14498346560846562 0.7021639384920635 0.15298743386243388 0.6977046130952381 0.15641765873015873 0.6923878968253968 0.15939054232804234 0.6872425595238095 0.16259193121693122 0.6855275297619048 0.1644212962962963 0.684326884920635 0.17333994708994707 0.6826118551587302 0.18111507936507937 0.683983878968254 0.1891190476190476 0.6812398313492064 0.2000955687830688 0.6800391865079365 0.20970006613756614 0.6805535714285714 0.21701785714285712 0.6786671626984127 0.2284520502645503 0.6802105654761904 0.2353125 0.6802105654761904 0.24445965608465609 0.6795245535714285 0.2536068121693122 0.6778095238095238 0.2664130291005291 0.6769518849206348 0.2760175264550265 0.676608878968254 0.28745171957671956 0.6743792162698413 0.29659887566137566 0.6733501984126984 0.3110056216931217 0.6724925595238095 0.3153505291005291 0.6714635416666667 0.31557936507936507 0.6675188492063493 0.3087189153439154 0.6675188492063493 0.29842824074074076 0.6685478670634921 0.29248247354497353 0.669405505952381 0.2867655423280423 0.6712921626984127 0.2778468915343915 0.6735218253968254 0.27007175925925925 0.6742078373015873 0.26366865079365076 0.6743792162698413 0.2574943783068783 0.6738648313492064 0.24880456349206348 0.6748938492063492 0.23897123015873015 0.6754084821428571 0.23051025132275133 0.6754084821428571 0.21976223544973547 0.6745508432539683 0.21130092592592595 0.6754084821428571 0.20695601851851853 0.6752368551587301 0.19758002645502645 0.6750652281746031 0.18523148148148147 0.6764375 0.17379728835978836 0.6776378968253968 0.164192791005291 0.6791815476190476 0.1596190476190476 0.6796961805555555 0.15138657407407408 0.6795245535714285 0.14155324074074074 0.6796961805555555 0.13217757936507937 0.6793531746031746 0.12234424603174603 0.6802105654761904 0.11228207671957671 0.6817542162698413 0.10610780423280423 0.6817542162698413 0.0962744708994709 0.6814112103174603 0.09170105820105819 0.6814112103174603 0.08346858465608466 0.6810682043650794 0.07500727513227513 0.6820972222222222 0.06448809523809523 0.683297867063492 0.05854232804232805 0.684498511904762 0.05991435185185186 0.6805535714285714 0.06105787037037037 0.6778095238095238 0.0576276455026455 0.6755798611111111 0.05556944444444444 0.6721495535714286 0.06037169312169312 0.6676904761904763 0.06105787037037037 0.6658038194444444 0.0651739417989418 0.6625451388888889 0.07203439153439153 0.6586004464285714 0.07477843915343915 0.655170138888889 0.08209623015873016 0.6537981150793651 0.09055753968253968 0.6517398313492063 0.09513128306878307 0.6503678075396825 0.10084821428571428 0.6479667658730158 0.10999537037037037 0.6462514880952381 0.11594113756613757 0.6452224702380952 0.12097222222222222 0.6447080853174604 0.1301193783068783 0.6445364583333334 0.13720833333333335 0.6431644345238096 0.14384027777777778 0.6419637896825398 0.15504563492063492 0.6407631448412698 0.16373544973544973 0.640077132936508 0.17173908730158732 0.6397341269841269 0.17699867724867727 0.639048115079365 0.18454530423280424 0.6380190972222222 0.19186309523809522 0.6375044642857143 0.20261111111111113 0.6371614583333333 0.21061474867724866 0.6359610615079365 0.2202195767195767 0.6352748015873015 0.22456448412698413 0.6352748015873015 0.23119609788359788 0.6352748015873015 0.23874272486772485 0.6352748015873015 0.2501765873015873 0.6352748015873015 0.257265873015873 0.6354464285714285 0.26321130952380956 0.6349317956349206 0.2691570767195767 0.6335597718253968 0.28036243386243387 0.632359126984127 0.2833353174603175 0.632530753968254 0.2867655423280423 0.632530753968254 0.2931686507936508 0.6313301091269842 0.3016299603174603 0.6306440972222223 0.3084900793650794 0.6299580853174603 0.3160367063492064 0.6296150793650794 0.3222109788359788 0.6289290674603175 0.33135813492063493 0.6285860615079365 0.33616071428571426 0.6282430555555556 0.3416488095238095 0.6273854166666667 0.348051917989418 0.6268707837301588 0.348280753968254 0.6265277777777778 0.3475945767195767 0.623955109126984 0.3421061507936508 0.6234407242063492
0 0.5168439153439153 0.8400763888888889 0.518891865079365 0.8425337301587301 0.5287208994708995 0.8477554563492063 0.5381402116402116 0.8523625992063493 0.547969246031746 0.8581986607142857 0.5582080026455026 0.8631133432539683 0.5721326058201058 0.8680277777777777 0.5770469576719577 0.8753995535714285 0.5864666005291005 0.8864570932539683 0.5979338624338625 0.8910644841269841 0.6081722883597884 0.8895287698412698 0.6216871693121693 0.8941361607142857 0.6216871693121693 0.8886073908730158 0.6233253968253968 0.8809283234126983 0.6298779761904761 0.8738638392857142 0.6364308862433863 0.8717135416666666 0.6380691137566138 0.8686421130952381 0.6327450396825397 0.8618846726190477 0.6343829365079365 0.8520555555555556 0.6433931878306879 0.8437624007936508 0.6409358465608466 0.8366976686507936 0.6319259259259259 0.8342403273809524 0.617182208994709 0.8253328373015874 0.606943783068783 0.8173467261904762 0.6012099867724867 0.8075176091269841 0.5889236111111111 0.800453125 0.5811425264550265 0.7979957837301587 0.5643511904761904 0.7936956845238096 0.5532933201058201 0.7936956845238096 0.5377308201058201 0.7900096726190476 0.529130291005291 0.791545386904762 0.51561541005291 0.7943097718253969 0.5066054894179894 0.798610119047619 0.5057863756613756 0.8050605158730159 0.5037387566137567 0.813046626984127 0.5041481481481482 0.8179610615079365 0.5086531084656084 0.8253328373015874 0.5172536375661375 0.8342403273809524 0.5168439153439153 0.8400763888888889
1 0.870287037037037 0.5761899801587301 0.8662212301587302 0.5773516865079366 0.8629298941798942 0.5779325396825398 0.8590575396825396 0.5782229662698413 0.8547979497354498 0.5785133928571428 0.8513131613756614 0.5795297619047619 0.8472470238095238 0.5805463789682539 0.8422132936507937 0.5808368055555556 0.8396964285714287 0.5819985119047619 0.8354368386243386 0.5827244543650794 0.8311772486772487 0.5838861607142857 0.8255625000000001 0.5856287202380953 0.8214966931216932 0.5860642361111111 0.8172371031746031 0.5873710317460318 0.816462962962963 0.5879518849206349 0.8135585317460318 0.5888231646825397 0.8092992724867725 0.5894040178571428 0.8029100529100529 0.5891135912698413 0.7940036375661376 0.5886780753968255 0.7899378306878306 0.5885327380952381 0.7831613756613758 0.5880972222222223 0.7812255291005291 0.5870806051587302 0.7796765873015874 0.5865 0.776772156084656 0.5865 0.7721256613756613 0.5865 0.76844708994709 0.5862095734126984 0.7651554232804233 0.5862095734126984 0.7688343253968254 0.5870806051587302 0.7758042328042328 0.5878067956349206 0.7779338624338625 0.5878067956349206 0.7816127645502646 0.5894040178571428 0.7893571428571429 0.5907110615079365 0.794390873015873 0.5904206349206349 0.7976825396825397 0.5901302083333334 0.8031035052910053 0.5914370039682539 0.8038779761904762 0.5918725198412698 0.8000056216931217 0.5930342261904762 0.7957463624338624 0.5936150793650794 0.791874007936508 0.5943412698412699 0.7891633597883597 0.5955027281746031 0.7880016534391534 0.5960835813492064 0.7837423941798941 0.5962289186507936 0.7787083333333333 0.5972452876984127 0.7744490740740742 0.5986974206349206 0.7699960317460317 0.6002946428571428 0.7698022486772487 0.6008754960317461 0.7765787037037036 0.6005850694444445 0.7810317460317461 0.6000042162698412 0.7872275132275133 0.5985523313492063 0.791099537037037 0.5981165674603175 0.7959398148148148 0.5979714781746032 0.8000056216931217 0.5973906250000001 0.8042652116402116 0.5984069940476191 0.8075565476190476 0.598842757936508 0.8108482142857143 0.598842757936508 0.8073630952380952 0.596374007936508 0.8075565476190476 0.5931795634920635 0.8104609788359788 0.5925987103174604 0.8153012566137566 0.5902752976190475 0.8205287698412699 0.5885327380952381 0.822271164021164 0.5879518849206349 0.8296283068783068 0.5878067956349206 0.835630291005291 0.5880972222222223 0.8404705687830688 0.5882423115079365 0.8416322751322751 0.5882423115079365 0.8474408068783069 0.588968501984127 0.8515066137566139 0.5895493551587302 0.8557662037037037 0.5896944444444445 0.8604126984126984 0.5914370039682539 0.8640912698412699 0.5915820932539683 0.8629298941798942 0.5901302083333334 0.8615744047619047 0.5888231646825397 0.8652529761904763 0.5872259424603175 0.8693191137566137 0.5850478670634921 0.8704804894179895 0.5819985119047619 0.8708677248677248 0.5799655257936508 0.8741593915343916 0.578077628968254 0.8772569444444444 0.5760448908730158 0.8826782407407407 0.576625744047619 0.8853888888888889 0.5773516865079366 0.8875185185185186 0.5795297619047619 0.8917781084656085 0.5814176587301587 0.8956501322751322 0.5817080853174603 0.8991352513227514 0.5818531746031746 0.905524470899471 0.5831599702380952 0.911526455026455 0.5846121031746032 0.9152050264550264 0.5854833829365079 0.9198518518518519 0.5867901785714286 0.9241111111111112 0.5892589285714285 0.9268217592592592 0.5894040178571428 0.93185582010582 0.5888231646825397 0.9343726851851852 0.588968501984127 0.9405681216931217 0.5896944444444445 0.9440532407407407 0.589984871031746 0.9479255952380953 0.591001240079365 0.9510234788359788 0.5914370039682539 0.9554765211640212 0.5925987103174604 0.9597357804232804 0.5934699900793651 0.9657377645502646 0.5955027281746031 0.9659315476190475 0.5968097718253969 0.9686421957671958 0.5953576388888889 0.9667060185185185 0.592453373015873 0.9521848544973546 0.5898397817460317 0.9471511243386244 0.5888231646825397 0.9390195105820105 0.5883876488095238 0.93185582010582 0.5873710317460318 0.9268217592592592 0.5862095734126984 0.9208197751322752 0.5847574404761905 0.9152050264550264 0.5834503968253969 0.9090095899470899 0.582579117063492 0.9041693121693122 0.5818531746031746 0.8995224867724868 0.5806914682539682 0.8941011904761905 0.5792393353174603 0.8921653439153439 0.5783680555555556 0.8875185185185186 0.5770612599206348 0.8809358465608464 0.5753187003968254 0.8780314153439153 0.5741569940476191 0.8801613756613758 0.5724146825396825 0.8865505952380953 0.5721242559523809 0.8836001984126984 0.5700843253968254 0.8731911375661376 0.5740119047619048 0.870287037037037 0.5761899801587301
1 0.36866798941798945 0.8825967261904762 0.3755198412698412 0.8810741567460317 0.38008763227513226 0.8765064484126984 0.3831329365079365 0.8740319940476191 0.38744708994709 0.8725094246031746 0.39201488095238096 0.869844742063492 0.3968366402116402 0.864515625 0.40089682539682536 0.8622316468253969 0.4054646164021164 0.8607090773809524 0.4128240740740741 0.8601381448412699 0.41815310846560844 0.858234871031746 0.4199295634920635 0.8565218253968254 0.4237361111111111 0.855189484126984 0.42145238095238097 0.8546185515873016 0.4146005291005291 0.8534766865079365 0.40698743386243386 0.8544283234126984 0.40064318783068786 0.8532862103174603 0.400135582010582 0.8498603670634921 0.4014044312169312 0.8473861607142857 0.40216567460317454 0.8449119543650794 0.402926917989418 0.8430086805555556 0.4100327380952381 0.8414858630952381 0.41358531746031746 0.8405342261904762 0.41789947089947094 0.8412956349206349 0.4217060185185185 0.8384407242063492 0.4244976851851852 0.8338727678571429 0.4283042328042328 0.8291145833333333 0.43134920634920637 0.823595238095238 0.4374398148148148 0.8192175099206349 0.4374398148148148 0.8144593253968254 0.43160317460317454 0.813126984126984 0.4283042328042328 0.8138883928571429 0.4270353835978836 0.8163625992063492 0.4257665343915344 0.8192175099206349 0.42475132275132277 0.8230240575396826 0.4239900793650794 0.8275920138888889 0.4196759259259259 0.827782242063492 0.4133316798941799 0.8270210813492064 0.4118088624338624 0.8256887400793651 0.4118088624338624 0.823595238095238 0.41104761904761905 0.822453125 0.4107939814814815 0.8195982142857142 0.40952513227513226 0.8159821428571429 0.4097787698412699 0.8123658234126984 0.4118088624338624 0.8102720734126984 0.4140929232804233 0.8072269345238096 0.4148541666666667 0.803610615079365 0.4176458333333333 0.7990429067460317 0.423228835978836 0.7965684523809524 0.423228835978836 0.7961879960317461 0.41891468253968256 0.7961879960317461 0.4143465608465608 0.7977105654761905 0.4118088624338624 0.7986622023809524 0.40927116402116404 0.8028494543650794 0.40952513227513226 0.8060850694444445 0.4074950396825397 0.8072269345238096 0.401150462962963 0.8100818452380952 0.40216567460317454 0.813126984126984 0.40521097883597884 0.8154109623015873 0.4067334656084656 0.8213112599206349 0.40444973544973545 0.8258789682539682 0.40064318783068786 0.8270210813492064 0.39429894179894176 0.8264501488095237 0.39176124338624335 0.8230240575396826 0.39176124338624335 0.8199789186507938 0.3904923941798942 0.8184563492063492 0.39074603174603173 0.8156014384920636 0.3925224867724868 0.8127465277777778 0.39277612433862436 0.8114141865079365 0.3940449735449736 0.8074171626984127 0.39328373015873014 0.8038010912698412 0.39125363756613757 0.8020880456349205 0.3895380291005291 0.8039456845238095 0.3880155423280423 0.8052780257936507 0.3842089947089947 0.8104169146825397 0.3852238756613756 0.8132718253968254 0.38598511904761906 0.8174590773809524 0.38623908730158735 0.8205042162698413 0.38623908730158735 0.8239300595238095 0.3897919973544974 0.8279270833333334 0.3920757275132275 0.8324947916666667 0.3958822751322751 0.8385853174603174 0.39512103174603175 0.8437242063492064 0.39080687830687827 0.8461984126984127 0.3821785714285715 0.851908234126984 0.372281746031746 0.854953621031746 0.37075892857142856 0.8589503968253969 0.3689828042328043 0.8608536706349207 0.3651759259259259 0.866563492063492 0.3628921957671958 0.867515128968254 0.35578670634920634 0.8697991071428572 0.35248743386243386 0.8709412202380953 0.34385945767195764 0.8747477678571429 0.33751521164021164 0.877031746031746 0.33040939153439153 0.8789350198412699 0.3245727513227513 0.8804575892857143 0.3205125661375661 0.8827415674603174 0.3144219576719577 0.8869288194444445 0.3118842592592593 0.8892125496031745 0.30528604497354495 0.8947321428571429 0.2999570105820106 0.8989193948412699 0.29488161375661376 0.903296875 0.2877761243386243 0.9074841269841271 0.28117791005291004 0.910719742063492 0.2707734788359788 0.9147165178571429 0.25859226190476187 0.9183328373015872 0.24920271164021165 0.9200458829365079 0.2441273148148148 0.9230910218253968 0.24133597883597882 0.9257557043650794 0.2342304894179894 0.9236619543650794 0.23143882275132274 0.9234717261904762 0.22636342592592593 0.9213779761904762 0.22281084656084654 0.9209975198412699 0.21519742063492062 0.9227103174603174 0.20859953703703701 0.9238524305555555 0.20124007936507934 0.9234717261904762 0.19667228835978834 0.9227103174603174 0.18855158730158728 0.9242328869047619 0.1794160052910053 0.9257557043650794 0.17332539682539683 0.9253750000000001 0.17053406084656086 0.9236619543650794 0.16672751322751322 0.9230910218253968 0.1565763888888889 0.9248040674603174 0.15268882275132276 0.9261552579365079 0.15395767195767196 0.9271068948412698 0.1549725529100529 0.9269166666666666 0.16512367724867724 0.9276778273809524 0.1681686507936508 0.9284392361111111 0.17299041005291008 0.9295811011904762 0.17831977513227515 0.9295811011904762 0.18111111111111108 0.9288199404761904 0.18897784391534395 0.9274875992063493 0.19456084656084655 0.9286294642857142 0.1968449074074074 0.9307232142857143 0.19379960317460315 0.9331974206349206 0.19151554232804233 0.936623263888889 0.19329199735449734 0.9373846726190476 0.1976061507936508 0.9351006944444444 0.2029355158730159 0.9318650793650795 0.2072493386243386 0.9299618055555556 0.21435515873015873 0.927297371031746 0.22019179894179894 0.9271068948412698 0.22856613756613756 0.9278683035714286 0.23846329365079366 0.9293908730158731 0.24480753968253968 0.9331974206349206 0.2501365740740741 0.9373846726190476 0.24759887566137567 0.938717013888889 0.24379232804232803 0.9413814484126984 0.24023974867724868 0.9461398809523809 0.23719444444444443 0.9476624503968254 0.22932738095238095 0.9482333829365079 0.22272949735449735 0.9467108134920634 0.21790773809523808 0.9472817460317461 0.21359358465608466 0.9488043154761905 0.20750330687830687 0.9486140873015872 0.2026815476190476 0.9470915178571429 0.19354596560846563 0.9442363591269841 0.18999305555555554 0.9423330853174603 0.18745535714285716 0.9408105158730159 0.18694775132275135 0.9432847222222223 0.18644014550264548 0.9461398809523809 0.18517129629629628 0.9474719742063492 0.18364880952380955 0.9489947916666667 0.17984226190476188 0.9491850198412698 0.1765433201058201 0.9482333829365079 0.17019907407407409 0.9467108134920634 0.16258597883597883 0.9455687003968254 0.15573412698412697 0.9457591765873016 0.1476134259259259 0.944997767857143 0.1417767857142857 0.9436654265873016 0.135432208994709 0.9419526289682539 0.1288343253968254 0.9425235615079365 0.12452017195767195 0.9453784722222223 0.12578902116402116 0.9472817460317461 0.12934193121693122 0.9486140873015872 0.13441732804232803 0.9497559523809525 0.14355291005291004 0.9520399305555556 0.15268882275132276 0.9537529761904763 0.16639252645502645 0.9547046130952381 0.17375165343915341 0.9564174107142858 0.18466402116402117 0.9583206845238096 0.1973525132275132 0.9594627976190476 0.20927976190476189 0.9594627976190476 0.2171464947089947 0.9581304563492063 0.2270436507936508 0.9554657738095238 0.23465674603174602 0.9537529761904763 0.24252347883597883 0.9520399305555556 0.2460763888888889 0.9499464285714286 0.2519130291005291 0.945188244047619 0.2569884259259259 0.9398588789682539 0.2554659391534391 0.9347199900793651 0.25343584656084656 0.9311039186507936 0.25343584656084656 0.9284392361111111 0.2564811507936508 0.9261552579365079 0.26079497354497355 0.9229196428571429 0.2681746031746032 0.9221850198412699 0.27832572751322754 0.917046130952381 0.28466997354497353 0.9124784226190475 0.28999900793650796 0.9100039682539682 0.29659722222222223 0.9075297619047619 0.3001498015873016 0.9041039186507936 0.30497156084656085 0.9010587797619047 0.3113158068783069 0.898203621031746 0.31766005291005295 0.8983940972222222 0.3262883597883598 0.8983940972222222 0.33491633597883597 0.8957294146825397 0.34481349206349204 0.8934454365079365 0.3544566798941799 0.8938261408730159 0.36333862433862435 0.8938261408730159 0.3673991402116402 0.8921133432539683 0.3673991402116402 0.8881163194444445 0.3653690476190476 0.8858323412698412 0.364900548667872 0.8855834527918427 0.3653690476190476 0.8848807043650794 0.36866798941798945 0.8825967261904762
1 0.35927843915343916 0.8825967261904762 0.3536954365079365 0.882406498015873 0.3458287037037037 0.8816450892857143 0.34811243386243385 0.8785999503968254 0.35318783068783066 0.874983630952381 0.3587708333333333 0.8730803571428571 0.3656226851851852 0.8717480158730159 0.36866798941798945 0.8700352182539682 0.370698082010582 0.8641349206349206 0.37425099206349205 0.8584250992063492 0.38008763227513226 0.8553799603174602 0.38693948412698415 0.8534766865079365 0.39455257936507937 0.8489087301587303 0.39835912698412695 0.8490992063492064 0.3968366402116402 0.8515734126984127 0.39607506613756616 0.857283234126984 0.39810548941798946 0.8584250992063492 0.39429894179894176 0.8597574404761904 0.3904923941798942 0.8622316468253969 0.38617824074074075 0.8662286706349206 0.38161011904761905 0.8688931051587302 0.3788187830687831 0.869844742063492 0.37272817460317464 0.8700352182539682 0.37501223544973544 0.871938492063492 0.3785651455026455 0.8734610615079366 0.3772962962962963 0.8757450396825397 0.3643345663740358 0.8852827766188576 0.35927843915343916 0.8825967261904762
1 0.3889768518518519 0.944422619047619 0.3863396164021164 0.9452137896825397 0.3797470238095238 0.9465984623015873 0.37262665343915347 0.9469940476190477 0.3702533068783069 0.9481805555555555 0.37209920634920635 0.9485761408730159 0.3794831349206349 0.9489717261904762 0.3873945105820106 0.9483784722222223 0.39477843915343913 0.9487740575396825 0.40137136243386246 0.9493673115079365 0.4090191798941799 0.9491696428571429 0.4219411375661376 0.9493673115079365 0.43354431216931216 0.9501584821428571 0.44171957671957673 0.9493673115079365 0.44831249999999995 0.9485761408730159 0.45806977513227515 0.9495652281746032 0.46360780423280423 0.9507517361111111 0.47679332010582015 0.9509496527777778 0.486287037037037 0.9509496527777778 0.49472585978835976 0.9501584821428571 0.5018462301587302 0.9479828869047618 0.5116035052910053 0.944422619047619 0.5163501984126984 0.9416537698412698 0.5247890211640212 0.9375002480158731 0.5369199735449736 0.9337423115079365 0.5453587962962962 0.9355223214285714 0.548787037037037 0.9384890873015873 0.5474685846560847 0.9396758432539682 0.5453587962962962 0.9418514384920635 0.5427215608465609 0.9452137896825397 0.5437764550264551 0.952531994047619 0.549578373015873 0.951938492063492 0.5556435185185186 0.9507517361111111 0.5601266534391535 0.9473896329365079 0.568301917989418 0.9454117063492063 0.5804325396825397 0.944422619047619 0.5925634920634921 0.9424449404761905 0.602057208994709 0.941060515873016 0.6075952380952381 0.9412581845238095 0.6173525132275133 0.9420493551587301 0.6236815476190476 0.9434337797619048 0.6276372354497354 0.9477849702380953 0.6263187830687831 0.9515429067460318 0.6268462301587302 0.9553008432539682 0.6315929232804233 0.9592566964285714 0.6368673941798941 0.9630146329365079 0.6447787698412698 0.9671679067460318 0.6518988095238095 0.9715193452380952 0.6613925264550264 0.9786396329365079 0.669567791005291 0.982001984126984 0.6685128968253968 0.98496875 0.6658756613756613 0.9897155257936507 0.6603376322751323 0.9920887896825397 0.6540085978835979 0.991891121031746 0.6455697751322751 0.9895176091269842 0.640823082010582 0.9875399305555556 0.6342301587301588 0.9851664186507936 0.6252638888888888 0.983781994047619 0.6147152777777778 0.9835840773809524 0.6073313492063492 0.982001984126984 0.5988925264550264 0.9812108134920635 0.5893988095238095 0.9792328869047618 0.5785866402116402 0.9776505456349207 0.5717301587301588 0.976266121031746 0.5609179894179894 0.9752772817460318 0.5561709656084657 0.9709258432539682 0.5508968253968254 0.9671679067460318 0.5477321428571429 0.9598499503968253 0.5443039021164021 0.9608387896825397 0.5392933201058201 0.9649923115079365 0.5366564153439153 0.9721125992063492 0.5392933201058201 0.9778484623015873 0.5408756613756613 0.9833864087301588 0.5390297619047619 0.9883308531746031 0.5321732804232804 0.9926822916666667 0.5350740740740741 0.9928799603174603 0.5398207671957672 0.9920887896825397 0.5424580026455027 0.9889243551587301 0.5429854497354497 0.9845731646825396 0.5477321428571429 0.9821996527777778 0.5527427248677248 0.9802217261904762 0.5577533068783068 0.9788373015873016 0.5625 0.9798261408730159 0.5712027116402116 0.982001984126984 0.5891352513227514 0.9853640873015873 0.6002109788359788 0.9883308531746031 0.607067791005291 0.9916932043650794 0.6168250661375662 0.9936711309523809 0.6231541005291005 0.9936711309523809 0.6286921296296296 0.9948578869047618 0.6326478174603174 0.9962423115079365 0.644514880952381 0.9972313988095238 0.6532175925925926 0.9980223214285714 0.6627113095238095 0.9980223214285714 0.6671944444444444 0.9960446428571429 0.6719411375661376 0.991891121031746 0.6735234788359789 0.9889243551587301 0.6769517195767196 0.982001984126984 0.6787976190476191 0.9800240575396825 0.6861815476190476 0.9776505456349207 0.6919834656084656 0.9752772817460318 0.7012132936507937 0.9740905257936507 0.712816798941799 0.9738926091269842 0.7199368386243387 0.9734970238095237 0.7320677910052911 0.9738926091269842 0.7412976190476191 0.9742881944444445 0.7515823412698412 0.9746837797619048 0.7637132936507937 0.9732993551587301 0.769514880952381 0.9703325892857142 0.7650317460317461 0.968156994047619 0.7573842592592592 0.967563492063492 0.7489454365079365 0.9691458333333334 0.7439348544973545 0.9701346726190476 0.7352321428571429 0.9695414186507936 0.7273207671957672 0.968156994047619 0.717563492063492 0.9665746527777778 0.7091246693121693 0.9657834821428571 0.6927744708994709 0.9669702380952381 0.6819623015873015 0.9691458333333334 0.6706226851851852 0.9647946428571429 0.6661395502645503 0.961234375 0.6616564153439153 0.9523340773809524 0.6566458333333333 0.9489717261904762 0.6508439153439154 0.9471917162698413 0.6405591931216931 0.9426426091269842 0.6342301587301588 0.9406649305555556 0.6244728835978836 0.936313492063492 0.6184074074074074 0.9351267361111111 0.6078587962962962 0.9355223214285714 0.5986289682539683 0.9339402281746032 0.5957281746031746 0.9291932043650794 0.5965191798941799 0.9226664186507936 0.6049580026455027 0.9171284722222223 0.6104960317460317 0.9147549603174603 0.6155066137566138 0.9123816964285714 0.6205171957671958 0.9096125992063492 0.6144517195767196 0.9102058531746031 0.6091772486772487 0.9115905257936507 0.6041669973544973 0.9121837797619048 0.6017933201058201 0.9119861111111112 0.5962552910052911 0.9107993551587301 0.5883439153439154 0.9102058531746031 0.5777956349206349 0.9115905257936507 0.5722576058201059 0.9171284722222223 0.5706752645502645 0.9183152281746032 0.5638187830687831 0.9204908234126984 0.5572258597883598 0.922468501984127 0.5511603835978837 0.9246443452380952 0.5461498015873016 0.9250399305555556 0.5392933201058201 0.9242487599206349 0.5279537037037036 0.9236552579365079 0.5145042989417989 0.9238531746031746 0.5036921296296296 0.9250399305555556 0.4939348544973545 0.9256331845238095 0.47890310846560846 0.9285999503968253 0.4715191798941799 0.9319623015873016 0.46097056878306875 0.9359179067460318 0.4546415343915344 0.9376981646825396 0.44831249999999995 0.9376981646825396 0.4369725529100529 0.9402693452380952 0.43117096560846563 0.9438293650793651 0.42246858465608467 0.9434337797619048 0.4071729497354497 0.9440272817460318 0.39688822751322755 0.944422619047619 0.3889768518518519 0.944422619047619
1 0.000941468253968254 0.8694456845238095 0.006590608465608465 0.8690927579365079 0.011063161375661375 0.8687395833333332 0.017418320105820107 0.8675037202380953 0.022361441798941797 0.8673273809523809 0.028481481481481483 0.8666210317460317 0.03413062169312169 0.8664446924603175 0.04001521164021164 0.8653854166666667 0.04613492063492063 0.8639729662698413 0.05201951058201058 0.86203125 0.05507969576719577 0.8604424603174603 0.05813955026455026 0.8595597718253968 0.06190575396825397 0.8577943948412698 0.06425958994708994 0.8560290178571429 0.07061474867724868 0.8547931547619048 0.07744113756613756 0.853204365079365 0.08261937830687831 0.8512624007936508 0.08873941798941799 0.8503797123015874 0.09533002645502646 0.8493204365079365 0.10074404761904761 0.8493204365079365 0.10286243386243386 0.8500265376984126 0.10168551587301587 0.8524982638888889 0.09956712962962963 0.8539104662698412 0.09603637566137566 0.8556758432539683 0.09274074074074073 0.8583239087301587 0.09038690476190475 0.8599126984126985 0.08662103174603175 0.8629139384920634 0.0837962962962963 0.8646793154761905 0.0795595238095238 0.865032242063492 0.07673478835978836 0.8660915178571429 0.07179166666666667 0.8671507936507936 0.06802579365079366 0.8690927579365079 0.07085019841269842 0.873329613095238 0.07602876984126984 0.873859126984127 0.08050099206349207 0.8722703373015873 0.08285482804232804 0.8694456845238095 0.08662103174603175 0.8678568948412698 0.08991633597883597 0.8671507936507936 0.09391765873015873 0.865562003968254 0.09697784391534392 0.8630902777777778 0.10121461640211639 0.8615014880952381 0.10757010582010582 0.8604424603174603 0.11345469576719576 0.8597361111111111 0.11839748677248677 0.8593831845238095 0.1235760582010582 0.8583239087301587 0.12640079365079365 0.8577943948412698 0.1341683201058201 0.8567351190476191 0.14170039682539684 0.8562053571428571 0.1452311507936508 0.8581473214285714 0.15205753968253968 0.8611485615079365 0.15982506613756614 0.8615014880952381 0.16994642857142858 0.8616780753968254 0.17724338624338626 0.8604424603174603 0.1781848544973545 0.8576178075396825 0.180067791005291 0.853733878968254 0.17842030423280422 0.851968501984127 0.17747883597883599 0.8503797123015874 0.17559556878306878 0.8494970238095239 0.16971097883597885 0.8503797123015874 0.1638263888888889 0.8510858134920635 0.15958961640211639 0.8498501984126984 0.1607665343915344 0.8475550595238095 0.16547420634920634 0.844906994047619 0.16100198412698413 0.8450835813492064 0.1570003306878307 0.8456130952380952 0.15182208994708996 0.8454367559523809 0.14640806878306878 0.8452601686507937 0.1372281746031746 0.8452601686507937 0.1304021164021164 0.8440243055555556 0.12028075396825397 0.8440243055555556 0.11368981481481481 0.8450835813492064 0.10568683862433861 0.8452601686507937 0.0974484126984127 0.8454367559523809 0.08732705026455026 0.8461428571428572 0.08097189153439154 0.8468489583333333 0.07602876984126984 0.8479082341269841 0.06920271164021165 0.8487909226190475 0.061670304232804236 0.850203125 0.05390277777777778 0.8505562996031747 0.04378108465608466 0.8526746031746032 0.04072123015873016 0.8530277777777777 0.03507208994708995 0.8539104662698412 0.02753968253968254 0.8569117063492064 0.02189054232804233 0.8586770833333334 0.009650793650793651 0.8560290178571429 0.001882936507936508 0.855499255952381 0 0.8696222718253969 0.000941468253968254 0.8694456845238095