0 0.7732266666666666 0.9206099999999999 0.7846177777777777 0.9149133333333332 0.7955355555555556 0.9142033333333334 0.8112 0.9134900000000001 0.8168955555555556 0.9149133333333332 0.8415777777777778 0.9077933333333335 0.8387311111111111 0.8907066666666666 0.8316111111111112 0.8793133333333333 0.8206933333333334 0.8793133333333333 0.8097755555555556 0.8857233333333333 0.7974355555555556 0.8892833333333334 0.7803466666666666 0.88501 0.7661066666666666 0.8949766666666666 0.7594622222222221 0.9028100000000001 0.7694288888888888 0.9163366666666667 0.7732266666666666 0.9206099999999999
0 0.7708533333333334 0.85297 0.7756 0.8551066666666666 0.80408 0.8551066666666666 0.8140466666666667 0.8522566666666667 0.8140466666666667 0.8422900000000001 0.8107244444444445 0.8237766666666667 0.80408 0.8109633333333333 0.7960111111111111 0.78889 0.78984 0.7661066666666666 0.7850933333333333 0.7404733333333333 0.7779733333333334 0.71413 0.7661066666666666 0.7112833333333333 0.7566133333333334 0.7176899999999999 0.7537644444444445 0.72766 0.7561377777777778 0.7540033333333334 0.7566133333333334 0.7718033333333333 0.7561377777777778 0.7910266666666667 0.7566133333333334 0.80669 0.7589866666666666 0.8308966666666667 0.7670555555555556 0.8444266666666667 0.7708533333333334 0.85297
0 0.7232644444444444 0.5766266666666666 0.7211533333333333 0.5785266666666666 0.7198866666666667 0.58802 0.7232644444444444 0.59625 0.7257955555555555 0.6038433333333333 0.7253733333333333 0.6335933333333333 0.7207311111111111 0.6386566666666667 0.7198866666666667 0.64752 0.7241066666666667 0.6557466666666666 0.73086 0.6658733333333333 0.7350777777777778 0.67347 0.7401422222222223 0.6779000000000001 0.74394 0.6798 0.7549111111111111 0.6791666666666667 0.7603977777777777 0.6772666666666667 0.7637733333333333 0.66714 0.7620844444444445 0.6557466666666666 0.7582866666666667 0.6437200000000001 0.7544888888888889 0.6323266666666667 0.7515355555555555 0.6190366666666667 0.7468933333333333 0.6032133333333334 0.7452066666666667 0.5930833333333334 0.7447844444444445 0.5810566666666667 0.7409866666666667 0.5747300000000001 0.7359222222222223 0.5734633333333333 0.7295933333333333 0.5715633333333333 0.7232644444444444 0.5766266666666666
0 0.4354777777777778 0.5797933333333333 0.44054 0.58802 0.4498244444444444 0.58992 0.45742 0.58992 0.46459333333333336 0.5892866666666666 0.47261111111111115 0.5861233333333333 0.48189333333333334 0.5823233333333333 0.4878022222222222 0.5835899999999999 0.49497555555555556 0.5842233333333333 0.5084777777777778 0.58549 0.5181844444444444 0.58802 0.5253577777777778 0.58169 0.5245133333333334 0.5740966666666667 0.5181844444444444 0.5620700000000001 0.5093222222222222 0.5544733333333334 0.50468 0.5525733333333332 0.4882244444444444 0.54308 0.4797844444444444 0.5380166666666667 0.47261111111111115 0.53865 0.46417111111111115 0.5418133333333334 0.4578422222222222 0.5462466666666667 0.4498244444444444 0.5570066666666666 0.44222888888888884 0.5652333333333334 0.4350555555555556 0.57283 0.4354777777777778 0.5797933333333333
0 0.5492622222222222 0.43971000000000005 0.5515955555555555 0.44270999999999994 0.5565977777777777 0.45121333333333336 0.5582666666666667 0.46221999999999996 0.5656022222222222 0.4677233333333334 0.5789422222222222 0.4672233333333333 0.5856133333333333 0.46322 0.5912822222222223 0.4567166666666666 0.5936155555555556 0.45221666666666666 0.5936155555555556 0.44871333333333335 0.5986177777777777 0.44671333333333335 0.6032866666666666 0.44121 0.6046222222222222 0.43971000000000005 0.6062888888888889 0.43320666666666663 0.6056222222222222 0.4287033333333333 0.6026199999999999 0.4267033333333333 0.5982844444444445 0.4277033333333334 0.5979511111111111 0.4317066666666667 0.5806088888888888 0.4312066666666666 0.578608888888889 0.4297033333333333 0.57494 0.4262033333333333 0.57194 0.42219999999999996 0.57294 0.4167 0.5772755555555555 0.4146966666666667 0.5832777777777778 0.41369666666666666 0.58928 0.41019666666666665 0.5952844444444444 0.4091933333333333 0.5999533333333333 0.40719333333333335 0.6032866666666666 0.4041933333333333 0.6049555555555556 0.40019 0.6066222222222223 0.39669000000000004 0.6106244444444444 0.3881833333333333 0.610291111111111 0.3821833333333333 0.6069555555555556 0.37817999999999996 0.6046222222222222 0.37117666666666665 0.6009533333333332 0.36767666666666665 0.5956177777777778 0.3696766666666667 0.5899466666666666 0.37367666666666666 0.5859466666666666 0.37367666666666666 0.5756066666666667 0.37518 0.5702711111111112 0.37567999999999996 0.5659355555555555 0.38067999999999996 0.5612666666666667 0.3856833333333333 0.5565977777777777 0.3901866666666667 0.5502622222222222 0.3921866666666667 0.54726 0.39569 0.5455933333333334 0.40269333333333335 0.54726 0.40519333333333335 0.5509288888888889 0.41019666666666665 0.5512622222222222 0.41569666666666666 0.5522622222222222 0.41969999999999996 0.5572644444444445 0.4227 0.5542644444444444 0.42219999999999996 0.5509288888888889 0.4282033333333334 0.5485955555555555 0.4302033333333334 0.54526 0.4342066666666667 0.5492622222222222 0.43971000000000005
0 0.45359111111111117 0.41856666666666664 0.45611777777777773 0.4216666666666667 0.4595622222222222 0.4247666666666667 0.4634666666666667 0.42545666666666665 0.46828888888888887 0.4247666666666667 0.4758688888888889 0.42718 0.47862444444444446 0.42649000000000004 0.4800022222222222 0.4230466666666667 0.4809222222222222 0.4206333333333333 0.48344666666666664 0.41374333333333335 0.4825288888888889 0.41133333333333333 0.47747555555555554 0.41133333333333333 0.47127555555555556 0.4116766666666667 0.46323777777777775 0.41133333333333333 0.4540511111111111 0.41409 0.45359111111111117 0.41856666666666664
0 0.45841333333333334 0.3861833333333333 0.46048 0.38756333333333337 0.46622222222222226 0.38963 0.4705866666666667 0.39238333333333336 0.4735711111111111 0.39514 0.47885333333333335 0.39479666666666663 0.4823 0.3916966666666667 0.48643333333333333 0.3892833333333333 0.4901088888888889 0.38653 0.4907977777777778 0.37964 0.48827111111111116 0.3755033333333333 0.48735111111111107 0.37275 0.4850555555555556 0.37206 0.47747555555555554 0.37412666666666666 0.47518 0.3755033333333333 0.4705866666666667 0.3772266666666667 0.4650733333333333 0.3772266666666667 0.4595622222222222 0.38032666666666665 0.45841333333333334 0.3861833333333333
0 0.5427022222222222 0.32865333333333335 0.5472955555555555 0.3214166666666667 0.5500511111111112 0.31315 0.5537266666666667 0.30247 0.5553333333333333 0.2945466666666667 0.5537266666666667 0.2859333333333333 0.5489022222222222 0.2821466666666667 0.5422422222222222 0.2756 0.5360422222222222 0.27111999999999997 0.5312177777777778 0.26974333333333333 0.5273133333333333 0.2683666666666667 0.5199644444444445 0.26492 0.5112377777777778 0.2662966666666666 0.5054955555555556 0.2645766666666667 0.49378222222222223 0.2669866666666667 0.48206888888888894 0.27181 0.47518 0.2759433333333333 0.46622222222222226 0.28386666666666666 0.4627777777777778 0.28903666666666666 0.46392666666666665 0.29730333333333336 0.46714222222222224 0.30074666666666666 0.4724244444444445 0.30591666666666667 0.47380222222222224 0.3141833333333333 0.47793555555555556 0.31935 0.4806911111111111 0.32245 0.4823 0.3234866666666667 0.48620444444444444 0.32762 0.49309333333333333 0.33003 0.49860666666666664 0.33003 0.5427022222222222 0.32865333333333335
0 0.6003488888888888 0.23322666666666667 0.6074666666666667 0.23219333333333333 0.6102244444444445 0.22771333333333332 0.6127488888888889 0.22323666666666667 0.6134377777777779 0.21634666666666666 0.6122911111111111 0.21014333333333332 0.6095355555555555 0.20566666666666666 0.6067777777777777 0.19671 0.6067777777777777 0.19326333333333334 0.6047111111111111 0.19016333333333332 0.5978222222222221 0.18982 0.5879466666666667 0.18878666666666669 0.5826644444444444 0.18913 0.5741666666666667 0.19016333333333332 0.5688844444444444 0.19188666666666668 0.5652088888888889 0.19326333333333334 0.5599266666666667 0.19671 0.5626822222222222 0.19946666666666668 0.5663577777777777 0.2036 0.5691133333333334 0.20635666666666666 0.5691133333333334 0.21496666666666664 0.5668155555555555 0.22048 0.5629133333333334 0.22599333333333335 0.5636022222222222 0.23047 0.5661266666666667 0.23253666666666664 0.5700311111111112 0.23460333333333333 0.5700311111111112 0.23495 0.6003488888888888 0.23322666666666667
0 0.7151111111111111 0.43933333333333335 0.7146666666666667 0.432 0.7135555555555556 0.41766666666666663 0.7102222222222223 0.4036666666666667 0.7077777777777777 0.39766666666666667 0.7044444444444444 0.3933333333333333 0.7024444444444445 0.39066666666666666 0.7002222222222223 0.3893333333333333 0.6977777777777778 0.3893333333333333 0.6940000000000001 0.389 0.6891111111111111 0.39199999999999996 0.6846666666666668 0.3953333333333333 0.6828888888888889 0.4003333333333333 0.6842222222222222 0.4066666666666667 0.6871111111111111 0.41233333333333333 0.6886666666666666 0.41733333333333333 0.6893333333333334 0.4266666666666667 0.6895555555555556 0.437 0.6897777777777777 0.442 0.6937777777777777 0.4483333333333333 0.6973333333333334 0.4503333333333333 0.7053333333333333 0.45366666666666666 0.71 0.4553333333333333 0.716 0.45366666666666666 0.7151111111111111 0.43933333333333335
0 0.702 0.367 0.7 0.35766666666666663 0.6980000000000001 0.352 0.6948888888888889 0.34199999999999997 0.693111111111111 0.33866666666666667 0.6895555555555556 0.3353333333333333 0.6842222222222222 0.3413333333333334 0.6822222222222222 0.3453333333333333 0.6753333333333332 0.3546666666666667 0.6735555555555556 0.361 0.6731111111111111 0.36333333333333334 0.6742222222222222 0.3703333333333333 0.6804444444444444 0.379 0.6859999999999999 0.386 0.69 0.389 0.6942222222222222 0.39 0.6993333333333334 0.38666666666666666 0.7008888888888888 0.3853333333333333 0.7024444444444445 0.381 0.702 0.367
0 0.6908888888888889 0.3096666666666667 0.6893333333333334 0.2966666666666667 0.6886666666666666 0.2866666666666667 0.6835555555555556 0.2783333333333333 0.6791111111111111 0.27 0.6771111111111111 0.26133333333333336 0.6748888888888889 0.259 0.67 0.25866666666666666 0.6619999999999999 0.25866666666666666 0.654 0.26066666666666666 0.6502222222222223 0.263 0.6473333333333333 0.2653333333333333 0.6391111111111112 0.27466666666666667 0.636888888888889 0.2843333333333333 0.64 0.2966666666666667 0.6464444444444444 0.30133333333333334 0.6542222222222221 0.30933333333333335 0.66 0.318 0.6648888888888889 0.3233333333333333 0.6655555555555556 0.33133333333333337 0.6688888888888889 0.3363333333333334 0.6735555555555556 0.33599999999999997 0.6784444444444445 0.33599999999999997 0.6844444444444444 0.33199999999999996 0.6882222222222222 0.328 0.6908888888888889 0.3096666666666667