0 0.7765966228893058 0.9123766666666667 0.774373358348968 0.9005266666666667 0.7710393996247655 0.8972333333333334 0.7599230769230769 0.8853866666666667 0.7506604127579737 0.8583966666666667 0.7454727954971857 0.8333833333333333 0.734358348968105 0.8090266666666667 0.7258367729831144 0.7952 0.7228724202626642 0.78862 0.714720450281426 0.7846700000000001 0.7069399624765478 0.78006 0.6980487804878048 0.7754533333333333 0.6847091932457786 0.7721633333333333 0.6754465290806754 0.77611 0.6650712945590994 0.7853266666666667 0.6561801125703566 0.79915 0.6480281425891182 0.8077099999999999 0.6383958724202626 0.8149500000000001 0.6313545966228893 0.8294333333333334 0.6246866791744841 0.8406233333333334 0.6183883677298312 0.8544466666666667 0.6146829268292683 0.8662966666666667 0.6157936210131333 0.88802 0.620609756097561 0.9005266666666667 0.6343189493433395 0.9327833333333333 0.643953095684803 0.9400233333333333 0.7028649155722326 0.95319 0.7250956848030019 0.9400233333333333 0.7436210131332083 0.93015 0.7517729831144465 0.9242233333333333 0.764 0.9248833333333333 0.7732626641651031 0.9294899999999999 0.7765966228893058 0.9123766666666667
0 0.33531519699812384 0.6931666666666666 0.3405028142589118 0.69646 0.34791181988742964 0.70436 0.35532270168855534 0.7069933333333334 0.3608799249530957 0.7096266666666667 0.3682908067542214 0.7129166666666666 0.37496060037523454 0.7135733333333334 0.3894108818011257 0.70765 0.39793245778611636 0.7056766666666667 0.4086772983114446 0.7010666666666666 0.42646153846153845 0.69975 0.4586960600375235 0.70041 0.4624015009380863 0.70041 0.4757392120075047 0.69251 0.478703564727955 0.6872433333333333 0.48759662288930583 0.6780266666666667 0.4938949343339587 0.6635466666666666 0.49241275797373363 0.6530133333333333 0.4831500938086304 0.6418233333333333 0.4705515947467167 0.63853 0.4638836772983114 0.6319466666666667 0.4572138836772983 0.6214166666666667 0.4498030018761726 0.6148333333333333 0.4423939962476548 0.6148333333333333 0.42868480300187617 0.6135166666666667 0.4164577861163227 0.6108833333333333 0.39904315196998125 0.6056166666666667 0.3838517823639775 0.6108833333333333 0.37533020637898684 0.6181233333333334 0.3653264540337711 0.6326066666666667 0.35347091932457786 0.6484066666666667 0.3453189493433396 0.6556466666666666 0.33531519699812384 0.66223 0.3293864915572232 0.67013 0.32382926829268294 0.6780266666666667 0.32716322701688555 0.6832933333333333 0.3330919324577861 0.6885600000000001 0.33531519699812384 0.6931666666666666
0 0.6380600375234522 0.6846466666666667 0.6483095684803002 0.69297 0.6611932457786116 0.69609 0.6975028142589118 0.69609 0.7057016885553471 0.6966133333333334 0.7162439024390244 0.7038966666666667 0.7522607879924953 0.7044166666666666 0.7616303939962477 0.7044166666666666 0.767780487804878 0.7002533333333333 0.7730506566604127 0.6934899999999999 0.7753939962476548 0.6841266666666667 0.7727579737335835 0.67112 0.7663170731707317 0.6638366666666667 0.7581163227016886 0.6555133333333333 0.7516754221388368 0.6461466666666666 0.7452326454033771 0.6445866666666666 0.7387917448405253 0.6440666666666667 0.7329343339587242 0.6409466666666667 0.7285422138836772 0.6367833333333334 0.7185853658536585 0.62846 0.7086303939962476 0.6248166666666667 0.7004315196998123 0.6237766666666666 0.6881332082551594 0.62898 0.6755422138836773 0.63262 0.6632420262664165 0.6341833333333333 0.6480168855534709 0.6341833333333333 0.6371819887429644 0.63314 0.6266397748592871 0.6347033333333333 0.6184409005628518 0.6357433333333333 0.6067279549718575 0.6404266666666666 0.6014577861163227 0.6414666666666666 0.5906228893058162 0.6419866666666667 0.5797879924953095 0.6471866666666667 0.5786172607879926 0.6497900000000001 0.5771538461538461 0.6622766666666666 0.5844727954971858 0.6648766666666667 0.5917936210131332 0.6695599999999999 0.5976510318949343 0.6768433333333334 0.605264540337711 0.6810033333333333 0.6128780487804878 0.6877666666666667 0.6380600375234522 0.6846466666666667
0 0.4705647279549719 0.5967233333333333 0.4881350844277673 0.5982833333333334 0.4995553470919324 0.6014066666666666 0.5083395872420262 0.6019266666666667 0.5200525328330207 0.6014066666666666 0.5264953095684803 0.5993266666666667 0.5305947467166979 0.5962033333333333 0.5346941838649156 0.5910000000000001 0.5382082551594747 0.5842366666666666 0.5399643527204503 0.5790366666666668 0.5323508442776735 0.56912 0.5300093808630394 0.5639166666666667 0.5168311444652908 0.5571533333333333 0.510390243902439 0.5503899999999999 0.5051181988742964 0.5441466666666667 0.48784240150093805 0.5358233333333334 0.48432833020637894 0.5347833333333334 0.47495872420262664 0.5363433333333333 0.4682232645403377 0.5431066666666666 0.4647091932457786 0.54727 0.46031707317073167 0.5503899999999999 0.4568030018761726 0.5519533333333334 0.45387429643527205 0.5545533333333333 0.45182551594746717 0.5597566666666667 0.4509455909943715 0.5665199999999999 0.45182551594746717 0.5769533333333334 0.4705647279549719 0.5967233333333333
0 0.6307392120075047 0.54883 0.636889305816135 0.5441466666666667 0.6398161350844278 0.5425866666666667 0.6439155722326454 0.5368633333333334 0.6445028142589118 0.5358233333333334 0.6406960600375234 0.5295799999999999 0.6363039399624765 0.52386 0.6324971857410882 0.5181366666666667 0.6199043151969981 0.5155333333333333 0.6134634146341463 0.5139733333333334 0.6055572232645403 0.5181366666666667 0.601750469043152 0.52386 0.6032138836772982 0.5353033333333334 0.6058499061913696 0.5425866666666667 0.6114127579737335 0.54883 0.6307392120075047 0.54883
0 0.37876360225140715 0.45463666666666663 0.38240712945590993 0.45047333333333334 0.387093808630394 0.44677333333333336 0.3904765478424015 0.44399999999999995 0.3923001876172608 0.43706 0.39073733583489684 0.42966 0.3865722326454034 0.42364999999999997 0.3769399624765478 0.42318666666666666 0.37043339587242025 0.42225999999999997 0.36496622889305813 0.42364999999999997 0.3605403377110694 0.4287366666666667 0.3568968105065666 0.4305866666666666 0.3477842401500938 0.4366 0.34518198874296435 0.4393733333333334 0.34622326454033775 0.44399999999999995 0.3532514071294559 0.44584999999999997 0.3576772983114446 0.45000999999999997 0.35897936210131337 0.4551 0.36704878048780487 0.45463666666666663 0.37173358348968105 0.45556 0.37876360225140715 0.45463666666666663
0 0.6224202626641651 0.3811 0.6375196998123828 0.37971 0.6463696060037524 0.37878666666666666 0.6510562851782363 0.3764733333333333 0.6531388367729831 0.3709233333333333 0.6500150093808631 0.36491 0.6466303939962477 0.36306 0.6385609756097561 0.3579733333333333 0.5984709193245779 0.35705 0.5859756097560975 0.35982333333333333 0.5898799249530957 0.36306 0.5937861163227017 0.36815 0.5979512195121952 0.37323666666666666 0.6015947467166979 0.37786000000000003 0.6083639774859286 0.37832333333333334 0.6135703564727956 0.37832333333333334 0.6224202626641651 0.3811
0 0.509703564727955 0.3140366666666667 0.5175121951219512 0.31496 0.5383377110694184 0.3145 0.5458874296435272 0.31311 0.551093808630394 0.31079999999999997 0.5549981238273921 0.30525 0.5549981238273921 0.30016 0.5516135084427767 0.29785 0.5492701688555347 0.29553666666666667 0.5435440900562852 0.29553666666666667 0.5336529080675423 0.29553666666666667 0.5248011257035647 0.29507333333333335 0.5185534709193246 0.29646 0.5130863039399626 0.29969999999999997 0.509703564727955 0.30247333333333337 0.5050168855534709 0.3084866666666667 0.509703564727955 0.3140366666666667
0 0.6151313320825517 0.3034 0.615392120075047 0.3080233333333333 0.6174746716697935 0.3117233333333333 0.6255440900562852 0.31265 0.6325722326454034 0.31542333333333333 0.6458499061913696 0.3195866666666667 0.6911444652908068 0.3246733333333333 0.6999943714821764 0.32513666666666663 0.7075440900562852 0.32189999999999996 0.7114484052532833 0.32051 0.7171763602251408 0.31773666666666667 0.7163958724202627 0.31218666666666667 0.7124896810506567 0.31126 0.7059831144465291 0.3084866666666667 0.7036397748592871 0.30756 0.7005159474671669 0.30432333333333333 0.6953095684803002 0.3034 0.6198180112570356 0.3034 0.6151313320825517 0.3034
0 0.4154671669793621 0.28305 0.4219756097560976 0.28305 0.42379737335834894 0.2807366666666667 0.425360225140713 0.27888666666666667 0.42379737335834894 0.2775 0.39854784240150093 0.27703666666666665 0.3956829268292683 0.27703666666666665 0.3923001876172608 0.27888666666666667 0.3915178236397749 0.28305 0.4154671669793621 0.28305
0 0.5901257035647279 0.2296966666666667 0.5861200750469043 0.23048666666666667 0.591015009380863 0.23286 0.596577861163227 0.23404333333333333 0.5885684803001876 0.23879 0.5758836772983115 0.23839333333333335 0.5689868667917448 0.23997333333333334 0.5636454033771107 0.24037 0.5614202626641651 0.24194999999999997 0.5638686679174484 0.24748666666666666 0.565202626641651 0.25144 0.5638686679174484 0.25460333333333335 0.5587504690431521 0.25658000000000003 0.5471782363977487 0.2561833333333334 0.5409493433395873 0.25855666666666666 0.5367204502814259 0.26409 0.537609756097561 0.2696266666666667 0.5460656660412758 0.27358 0.5632007504690432 0.27318333333333333 0.5689868667917448 0.27002 0.5736585365853658 0.26646333333333333 0.5801125703564728 0.26488 0.582782363977486 0.26409 0.5903489681050657 0.2629033333333333 0.59746904315197 0.26369666666666663 0.6025872420262663 0.2609266666666667 0.6032551594746717 0.25697333333333333 0.6043677298311444 0.24986 0.6119324577861164 0.24234666666666665 0.6134896810506567 0.24076666666666668 0.6146022514071295 0.23918333333333333 0.6154934333958724 0.23601999999999998 0.6154934333958724 0.23365 0.6146022514071295 0.22890666666666665 0.5901257035647279 0.2296966666666667
0 0.00021388367729831146 0.47895999999999994 0.0025572232645403375 0.48463999999999996 0.00873733583489681 0.48956333333333335 0.013425891181988742 0.4907 0.02195121951219512 0.48880666666666667 0.02919512195121951 0.48502 0.03857223264540338 0.48123333333333335 0.04922889305816135 0.48009666666666667 0.061163227016885556 0.47252333333333335 0.08162101313320826 0.46041 0.0854577861163227 0.4588933333333334 0.09184990619136961 0.45965000000000006 0.09760412757973734 0.46041 0.10357223264540338 0.45775666666666665 0.10548968105065666 0.45359333333333335 0.10634146341463414 0.44791333333333333 0.1078330206378987 0.44299 0.11039024390243903 0.4422333333333333 0.11742401500938086 0.4369333333333334 0.1178499061913696 0.4331466666666666 0.11529268292682927 0.4308766666666667 0.11230956848030019 0.4289833333333333 0.10314446529080676 0.4286033333333333 0.09653846153846153 0.42935999999999996 0.08929268292682928 0.42935999999999996 0.08055534709193246 0.4312533333333333 0.07693245778611632 0.4335266666666666 0.0713921200750469 0.4361766666666667 0.06776923076923078 0.43882666666666664 0.061801125703564726 0.44412666666666667 0.057966228893058164 0.44450666666666666 0.05029455909943715 0.44488333333333335 0.04496622889305816 0.44867 0.039 0.45435000000000003 0.035377110694183866 0.45473 0.027917448405253283 0.45359333333333335 0.022803001876172607 0.45435000000000003 0.016834896810506567 0.4588933333333334 0.01001688555347092 0.46268 0 0.4645733333333334 0.00021388367729831146 0.47895999999999994