0 0.70078125 0.4 0.72578125 0.42777777777777776 0.7578125 0.4361111111111111 0.81171875 0.4708333333333333 0.8453125 0.48194444444444445 0.909375 0.49166666666666664 0.97109375 0.4625 0.9859375 0.45 0.94765625 0.41944444444444445 0.92578125 0.4097222222222222 0.8890625 0.4041666666666667 0.87265625 0.39305555555555555 0.83515625 0.3819444444444444 0.73515625 0.37916666666666665 0.70234375 0.3958333333333333 0.70078125 0.4
0 0.7546875 0.6194444444444445 0.76171875 0.6263888888888889 0.79140625 0.6402777777777777 0.81484375 0.6680555555555555 0.840625 0.6791666666666667 0.89609375 0.6805555555555556 0.9140625 0.6666666666666666 0.91875 0.65 0.928125 0.6472222222222223 0.93671875 0.6361111111111111 0.93359375 0.625 0.92734375 0.6208333333333333 0.859375 0.6069444444444444 0.82890625 0.6083333333333333 0.81015625 0.5930555555555556 0.796875 0.6055555555555555 0.7703125 0.6041666666666666 0.76796875 0.6 0.7578125 0.6083333333333333 0.7546875 0.6194444444444445
0 0.9 0.9111111111111111 0.9125 0.9291666666666667 0.92265625 0.9555555555555556 0.93203125 0.9611111111111111 0.93515625 0.975 0.975 0.9986111111111111 0.99921875 0.9986111111111111 0.99921875 0.8680555555555556 0.96953125 0.8569444444444444 0.93203125 0.8555555555555555 0.9 0.8930555555555556 0.9 0.9111111111111111
0 0.55390625 0.5222222222222223 0.5546875 0.5333333333333333 0.57109375 0.5513888888888889 0.62265625 0.5555555555555556 0.6359375 0.55 0.63359375 0.5416666666666666 0.60546875 0.5194444444444445 0.578125 0.5125 0.5578125 0.5152777777777777 0.55390625 0.5222222222222223
0 0.5453125 0.3625 0.55 0.36666666666666664 0.590625 0.3625 0.58359375 0.3527777777777778 0.571875 0.3472222222222222 0.54609375 0.35833333333333334 0.5453125 0.3625
0 0.53359375 0.3347222222222222 0.54296875 0.3402777777777778 0.559375 0.3388888888888889 0.565625 0.3333333333333333 0.55859375 0.3263888888888889 0.53515625 0.32916666666666666 0.53359375 0.3347222222222222
0 0.6078125 0.24444444444444444 0.625 0.25416666666666665 0.6640625 0.2569444444444444 0.67890625 0.2513888888888889 0.6390625 0.23194444444444445 0.60390625 0.22916666666666666 0.6078125 0.24444444444444444
0 0.41171875 0.30694444444444446 0.4765625 0.3055555555555556 0.4609375 0.2972222222222222 0.425 0.29583333333333334 0.41484375 0.3013888888888889 0.41171875 0.30694444444444446
0 0.11953125 0.4486111111111111 0.1234375 0.45416666666666666 0.1578125 0.46805555555555556 0.26328125 0.4625 0.30703125 0.45 0.29296875 0.4305555555555556 0.24921875 0.4236111111111111 0.23046875 0.4111111111111111 0.21171875 0.4125 0.19765625 0.40694444444444444 0.18125 0.40694444444444444 0.1359375 0.425 0.121875 0.4388888888888889 0.11953125 0.4486111111111111
0 0.23046875 0.30694444444444446 0.240625 0.3111111111111111 0.30078125 0.30833333333333335 0.33125 0.30277777777777776 0.3484375 0.2833333333333333 0.2796875 0.2916666666666667 0.23515625 0.2875 0.22578125 0.29444444444444445 0.23046875 0.30694444444444446
0 0.18046875 0.26944444444444443 0.21796875 0.275 0.246875 0.2722222222222222 0.27421875 0.2611111111111111 0.2359375 0.25555555555555554 0.184375 0.2652777777777778 0.18046875 0.26944444444444443
0 0.22265625 0.3625 0.2265625 0.36944444444444446 0.2453125 0.37777777777777777 0.33671875 0.38055555555555554 0.35703125 0.3763888888888889 0.37578125 0.36527777777777776 0.3734375 0.3541666666666667 0.35703125 0.3375 0.24453125 0.3402777777777778 0.23125 0.34444444444444444 0.2234375 0.3527777777777778 0.22265625 0.3625