0 0.4979166666666667 0.5324074074074074 0.5046875 0.5361111111111111 0.5177083333333333 0.5314814814814814 0.5177083333333333 0.5277777777777778 0.5119791666666667 0.525 0.4984375 0.5296296296296297 0.4979166666666667 0.5324074074074074
0 0.5208333333333334 0.5175925925925926 0.525 0.5185185185185185 0.5338541666666666 0.5157407407407407 0.5348958333333333 0.5120370370370371 0.5208333333333334 0.5138888888888888 0.5208333333333334 0.5175925925925926
0 0.8890625 0.6666666666666666 0.8947916666666667 0.6712962962962963 0.9177083333333333 0.6712962962962963 0.9020833333333333 0.6611111111111111 0.8901041666666667 0.6611111111111111 0.8890625 0.6666666666666666
0 0.7867536458333333 0.6325416666666667 0.7865656249999999 0.634212037037037 0.7888197916666667 0.6375518518518519 0.7891953125000001 0.6375518518518519 0.7916375 0.6375518518518519 0.7957708333333334 0.6378851851851852 0.7978369791666666 0.6385537037037038 0.7989640625 0.6382194444444445 0.7955828125 0.6358814814814815 0.7938921874999999 0.6348796296296296 0.7905104166666667 0.6292027777777778 0.7869411458333333 0.6278666666666667 0.7788635416666666 0.6265305555555556 0.776796875 0.6282 0.7867536458333333 0.6325416666666667
0 0.7563203125 0.6328759259259259 0.7565083333333333 0.6382194444444445 0.7576354166666667 0.6392212962962963 0.7632708333333333 0.6398898148148149 0.76871875 0.6385537037037038 0.7672161458333334 0.6378851851851852 0.7660890625000001 0.6378851851851852 0.7640223958333333 0.6375518518518519 0.7598895833333333 0.6345462962962962 0.7563203125 0.6328759259259259
0 0.7414791666666667 0.6161777777777777 0.7441093750000001 0.615175925925926 0.7459880208333334 0.6131712962962963 0.7491817708333334 0.6125037037037038 0.7546296874999999 0.6111675925925927 0.7529385416666667 0.6111675925925927 0.7499328125000001 0.6111675925925927 0.7465515625 0.6118361111111111 0.74241875 0.6131712962962963 0.7373463541666666 0.6141731481481482 0.7414791666666667 0.6161777777777777
0 0.7392249999999999 0.5563962962962963 0.7403520833333334 0.5563962962962963 0.7435458333333334 0.5567305555555555 0.7467395833333333 0.5580666666666667 0.7503088541666667 0.5587342592592592 0.7535026041666666 0.5584 0.7542536458333333 0.5570648148148148 0.7519994791666667 0.5557287037037038 0.7491817708333334 0.5540583333333333 0.74241875 0.553725 0.7392249999999999 0.5563962962962963
0 0.5086145833333333 0.5177074074074074 0.5104677083333333 0.5174333333333333 0.5117026041666667 0.5168842592592593 0.512475 0.5157861111111111 0.5118572916666666 0.5133157407407407 0.50985 0.5133157407407407 0.5069161458333333 0.514962037037037 0.503828125 0.5174333333333333 0.5086145833333333 0.5177074074074074
0 0.5115484375 0.48833611111111114 0.5140187500000001 0.4880611111111111 0.5147906250000001 0.48723796296296296 0.5150994791666667 0.4864148148148148 0.5117026041666667 0.4864148148148148 0.5089234375 0.4861398148148148 0.5073791666666667 0.4861398148148148 0.5075338541666666 0.4886101851851851 0.5115484375 0.48833611111111114
0 0.4880786458333333 0.4880611111111111 0.48962239583333333 0.48778703703703696 0.4907036458333333 0.48723796296296296 0.49024010416666663 0.48531666666666673 0.4882328125 0.48531666666666673 0.48638020833333334 0.48531666666666673 0.4837552083333333 0.48531666666666673 0.4822109375 0.4855907407407407 0.48174791666666666 0.4861398148148148 0.4822109375 0.4880611111111111 0.48344635416666665 0.48888518518518514 0.4880786458333333 0.4880611111111111
0 0.4840640625 0.4559444444444445 0.4857625 0.45621944444444446 0.4871520833333333 0.45621944444444446 0.4880786458333333 0.45512129629629633 0.4886963541666667 0.4542981481481481 0.4880786458333333 0.45292499999999997 0.48591666666666666 0.45292499999999997 0.48251979166666664 0.45292499999999997 0.479740625 0.45292499999999997 0.48159375 0.45512129629629633 0.4840640625 0.4559444444444445