0 0.21406171875000002 0.3875 0.20468671875000002 0.38333333333333336 0.18046875 0.38333333333333336 0.14921875 0.3888888888888889 0.1375 0.39305555555555555 0.12265625 0.40555555555555556 0.11796875 0.41805555555555557 0.11796875 0.4236111111111111 0.121875 0.42916666666666664 0.13359375 0.43333333333333335 0.17343671875 0.43194444444444446 0.20625 0.4263888888888889 0.21015625 0.4222222222222222 0.21171875 0.41388888888888886 0.21796875 0.4083333333333333 0.21718828124999998 0.39305555555555555 0.21406171875000002 0.3875
0 0.68828125 0.34444444444444444 0.73203125 0.35555555555555557 0.75781171875 0.35694444444444445 0.80078125 0.34444444444444444 0.79765625 0.33194444444444443 0.790625 0.3236111111111111 0.72968828125 0.3055555555555556 0.66093671875 0.30277777777777776 0.63281171875 0.3138888888888889 0.68828125 0.34444444444444444
0 0.14744296875000001 0.4836402777777778 0.1455140625 0.48449722222222225 0.13346015625000002 0.4896402777777778 0.12815625 0.4939263888888889 0.11995937500000001 0.4973541666666667 0.11369140625 0.4973541666666667 0.10549453125 0.4973541666666667 0.09874374999999999 0.4999263888888889 0.08765390625 0.5067833333333334 0.0780109375 0.5059263888888889 0.0698140625 0.5067833333333334 0.06209921875 0.5110694444444445 0.05534921875 0.5136416666666667 0.0370265625 0.5153555555555556 0.02979453125 0.5187847222222222 0.0206328125 0.5316416666666667 0.01677578125 0.5427861111111111 0.0138828125 0.5582152777777778 0.0187046875 0.5693583333333333 0.0254546875 0.5770722222222222 0.0418484375 0.5822166666666667 0.054867187500000004 0.5856444444444444 0.08090390625 0.5830736111111111 0.0963328125 0.5890736111111111 0.10549453125 0.5899305555555555 0.11320859375 0.5899305555555555 0.13201328125 0.5933597222222222 0.1406921875 0.5933597222222222 0.16094375 0.5925027777777777 0.172515625 0.5942166666666667 0.1932484375 0.5976458333333333 0.20192734375 0.5967875 0.2245890625 0.5950736111111111 0.23326796875000003 0.5907875 0.24532265625 0.5873597222222222 0.25930546875 0.5925027777777777 0.27473437500000003 0.5925027777777777 0.28727109375 0.5882166666666667 0.31137890625 0.5847875 0.32584375 0.5813583333333333 0.33693359375 0.5736444444444444 0.34802343750000003 0.5685013888888889 0.35573828125 0.5616430555555555 0.3774359375 0.5565 0.39382968749999997 0.5496430555555556 0.41118750000000004 0.5410708333333334 0.426134375 0.5359277777777778 0.43818828125 0.5333569444444445 0.44734999999999997 0.5222125 0.43818828125 0.5204986111111112 0.42999140625 0.5204986111111112 0.4169734375 0.5204986111111112 0.4039546875 0.5179277777777778 0.3923828125 0.5127847222222222 0.38611484375 0.5102125 0.36538125 0.5102125 0.34802343750000003 0.5136416666666667 0.340309375 0.5136416666666667 0.33500546875000003 0.5144986111111112 0.3234328125 0.5187847222222222 0.30462890625 0.5213555555555556 0.294503125 0.5222125 0.27955625 0.5196416666666667 0.26943046875 0.5162125 0.2525546875 0.5153555555555556 0.24146484375 0.5170694444444445 0.2260359375 0.5196416666666667 0.20674921875000002 0.5144986111111112 0.20482031250000002 0.49649722222222226 0.20096328125000001 0.49135416666666665 0.18794453125 0.48021111111111114 0.17444375 0.4784972222222222 0.15419296875 0.4862111111111111 0.14744296875000001 0.4836402777777778
0 0.678321875 0.4833416666666666 0.69368046875 0.4838777777777778 0.70542578125 0.4833416666666666 0.71717109375 0.47905833333333336 0.72560390625 0.47370555555555555 0.7268078124999999 0.46620972222222223 0.7225921875 0.4624611111111111 0.71175 0.45871388888888887 0.7039203125 0.45443055555555556 0.69639140625 0.452825 0.6894640625 0.4517541666666666 0.68313984375 0.45121805555555555 0.6765148437499999 0.45389583333333333 0.6689859375 0.4555013888888889 0.66326328125 0.4576430555555555 0.65874609375 0.4608555555555555 0.657240625 0.4672805555555556 0.65965 0.4742402777777777 0.66597421875 0.4806652777777778 0.678321875 0.4833416666666666
0 0.63375 0.39875000000000005 0.64188125 0.4019625 0.65061484375 0.4046388888888889 0.65874609375 0.4089222222222222 0.66958828125 0.4110638888888889 0.68434453125 0.4115986111111111 0.69970390625 0.40999305555555554 0.7087382812499999 0.4067805555555556 0.7147617187499999 0.40410416666666665 0.72439921875 0.4014263888888889 0.72861484375 0.39875000000000005 0.7283140625 0.3971430555555555 0.71235234375 0.3944666666666667 0.70090859375 0.39393055555555556 0.6933796875 0.3901833333333334 0.68434453125 0.3885777777777778 0.6780203124999999 0.392325 0.67139453125 0.38964861111111115 0.66446796875 0.3853652777777778 0.6584453124999999 0.38482916666666667 0.6473023437500001 0.38429444444444444 0.640978125 0.38482916666666667 0.634653125 0.3869708333333334 0.62487109375 0.3903347222222222 0.63375 0.39875000000000005
0 0.5245078125 0.36566805555555554 0.5314390625 0.36610833333333337 0.5398546875 0.3678694444444444 0.5467859374999999 0.3678694444444444 0.55198359375 0.36918888888888884 0.558171875 0.36918888888888884 0.56138984375 0.36742916666666664 0.5621328125 0.36566805555555554 0.5561921875 0.3630277777777778 0.5527265625 0.3595083333333333 0.54777578125 0.35642777777777773 0.54257734375 0.3542277777777778 0.5373796875 0.3520263888888889 0.5334187499999999 0.3515875 0.5292109375 0.3520263888888889 0.525003125 0.3524666666666667 0.52128984375 0.3520263888888889 0.51931015625 0.3546666666666667 0.5176093749999999 0.36162777777777777 0.5245078125 0.36566805555555554
0 0.23938671875 0.3251736111111111 0.24559375 0.3281833333333333 0.25725625 0.3328652777777778 0.26572109374999997 0.3352055555555556 0.27776015625 0.3345375 0.29450078125 0.3345375 0.3057875 0.3332 0.31782578125 0.33353333333333335 0.32459765625000003 0.33353333333333335 0.33325 0.32985555555555557 0.33983359375 0.3281833333333333 0.34265546874999997 0.32684583333333334 0.3443484375 0.32483888888888884 0.3405859375 0.32182916666666667 0.33193359375 0.3181513888888889 0.32271640625 0.31580972222222226 0.31744921875 0.3164791666666667 0.3142515625 0.3117972222222222 0.31500390624999997 0.30745 0.31500390624999997 0.30143055555555553 0.31161796875 0.2977527777777778 0.30390625 0.2977527777777778 0.29694609375000003 0.30109583333333334 0.28961015625000003 0.3004277777777778 0.28321484375 0.3007625 0.273809375 0.3007625 0.26910703125 0.3021 0.26327578125 0.3037722222222222 0.2585734375 0.3054444444444444 0.25293046874999997 0.3061125 0.2487921875 0.30678194444444445 0.24371328124999997 0.3077847222222222 0.23995078125 0.31045972222222223 0.23788203125 0.3114625 0.23506015625 0.3131347222222222 0.23016953125 0.31982361111111113 0.23938671875 0.3251736111111111
0 0.29882734375000003 0.2783569444444444 0.29581796875 0.2776875 0.29186718749999996 0.27902638888888887 0.29092734375 0.2833736111111111 0.29205546875 0.2887236111111111 0.2937484375 0.29073055555555555 0.29638203125 0.29173333333333334 0.30164921875 0.29206805555555554 0.31048984375 0.29307083333333334 0.31349921875 0.29407361111111113 0.318578125 0.2947430555555556 0.324409375 0.2947430555555556 0.33155703124999997 0.29507777777777777 0.33889296875 0.29608055555555557 0.34510078125 0.29608055555555557 0.35525859375 0.2947430555555556 0.35977265625 0.2954111111111111 0.36522734375 0.29608055555555557 0.37820703125 0.2977527777777778 0.39231484375000003 0.29975833333333335 0.3941953125 0.2937388888888889 0.39381953125 0.29173333333333334 0.39344296875 0.28504444444444443 0.39231484375000003 0.2796944444444444 0.38384999999999997 0.27267222222222226 0.37595 0.27166944444444446 0.36955390625 0.2733402777777778 0.3599609375 0.273675 0.34961484375 0.2733402777777778 0.33945781249999996 0.27300694444444445 0.32948828125 0.27434444444444445 0.318578125 0.27668472222222223 0.31048984375 0.27869166666666667 0.30089609375 0.2783569444444444 0.29882734375000003 0.2783569444444444
0 0.54466328125 0.2824638888888889 0.54059765625 0.2803986111111111 0.5345960937500001 0.2790222222222222 0.52898125 0.2790222222222222 0.5239476562500001 0.27971111111111113 0.5193015625 0.28280833333333333 0.516978125 0.2876263888888889 0.51833359375 0.2896916666666667 0.52104375 0.2903805555555556 0.524721875 0.2903805555555556 0.5268515625 0.2890041666666667 0.53033671875 0.2876263888888889 0.53498359375 0.28797083333333334 0.5376937500000001 0.28831527777777777 0.54117890625 0.2890041666666667 0.5444695312500001 0.2896916666666667 0.5454375 0.2896916666666667 0.54737421875 0.28487361111111115 0.5471804687499999 0.28487361111111115 0.54466328125 0.2824638888888889
0 0.5202695312500001 0.27420416666666664 0.5258835937499999 0.27489166666666665 0.5313046875 0.2745472222222222 0.5342085937500001 0.2738597222222222 0.53633828125 0.2728263888888889 0.5378875 0.27110555555555554 0.5369195312499999 0.2683527777777778 0.53266015625 0.2669763888888889 0.52801328125 0.2659430555555556 0.52433515625 0.2649111111111111 0.52104375 0.2649111111111111 0.51775234375 0.2662875 0.51581640625 0.26800833333333335 0.5146546875 0.2700736111111111 0.51601015625 0.2728263888888889 0.5202695312500001 0.27420416666666664
0 0.5812546875 0.21500416666666666 0.58048046875 0.21879027777777776 0.58377109375 0.2232638888888889 0.5888054687500001 0.22498472222222224 0.59016015625 0.22601805555555557 0.59635546875 0.22670555555555558 0.62810703125 0.22877083333333334 0.63352734375 0.22842638888888891 0.6389484375000001 0.22670555555555558 0.641078125 0.22567361111111112 0.6389484375000001 0.22360833333333333 0.633140625 0.2211986111111111 0.6321726562500001 0.21810138888888886 0.6271382812499999 0.21465972222222224 0.62346015625 0.21328333333333332 0.6180390625000001 0.21328333333333332 0.6145546875 0.21259444444444447 0.61106953125 0.21190555555555557 0.60661640625 0.21121805555555556 0.60274453125 0.2115625 0.5994531249999999 0.2115625 0.5934515625000001 0.2115625 0.58822421875 0.2115625 0.58396484375 0.2115625 0.5816414062499999 0.2115625 0.579125 0.21121805555555556 0.5812546875 0.21500416666666666
0 0.26719921874999997 0.23930833333333332 0.27687890625 0.238275 0.290625 0.23724305555555555 0.29507812499999997 0.2358666666666667 0.30166015625 0.23414583333333333 0.30591953125 0.23380138888888888 0.3095984375 0.23208055555555557 0.3132765625 0.23001527777777778 0.30901718749999996 0.22760555555555556 0.3010796875 0.22588472222222222 0.2888828125 0.2248527777777778 0.27513671875 0.22622916666666665 0.26681171875 0.22760555555555556 0.25868046875 0.22967083333333332 0.25616328125 0.2286388888888889 0.253840625 0.22794999999999999 0.2513234375 0.23035972222222223 0.24861328125 0.23208055555555557 0.24648359375 0.2331125 0.25016171875 0.23655416666666665 0.25422734375 0.23724305555555555 0.2557765625 0.2389638888888889 0.26719921874999997 0.23930833333333332
0 0.609375 0.5986111111111111 0.61171875 0.6125 0.63671875 0.6319444444444444 0.66796875 0.6291666666666667 0.67890625 0.6069444444444444 0.67734375 0.5930555555555556 0.6609375 0.5791666666666667 0.64375 0.5833333333333334 0.615625 0.5777777777777777 0.6125 0.5819444444444445 0.609375 0.5986111111111111