0 0 0.5847222222222223 0 0.6097222222222223 0.03125 0.6430555555555556 0.1359375 0.6375 0.16875 0.6277777777777778 0.21484375 0.6263888888888889 0.23046875 0.6138888888888889 0.25234375 0.6083333333333333 0.25546875 0.6 0.25390625 0.5944444444444444 0.2375 0.5833333333333334 0.23125 0.5875 0.215625 0.5847222222222223 0.20625 0.5763888888888888 0.20234375 0.5805555555555556 0.203125 0.5888888888888889 0.18203125 0.5819444444444445 0.1640625 0.5833333333333334 0.16015625 0.5791666666666667 0.159375 0.5527777777777778 0.17265625 0.5472222222222223 0.17265625 0.5388888888888889 0.1609375 0.525 0.1328125 0.5305555555555556 0.11953125 0.5194444444444445 0.1 0.5208333333333334 0.0890625 0.5319444444444444 0.078125 0.5319444444444444 0.06953125 0.5416666666666666 0.02421875 0.5611111111111111 0.0078125 0.575 0 0.5847222222222223
0 0.78046875 0.4986111111111111 0.79453125 0.5097222222222222 0.81484375 0.5402777777777777 0.85078125 0.5527777777777778 0.88828125 0.5777777777777777 0.90703125 0.5986111111111111 0.921875 0.6013888888888889 0.95390625 0.6222222222222222 0.99921875 0.6375 0.99921875 0.4875 0.9875 0.4791666666666667 0.92421875 0.4597222222222222 0.83359375 0.45555555555555555 0.803125 0.46111111111111114 0.77734375 0.4847222222222222 0.78046875 0.4986111111111111
0 0.6125 0.7680555555555556 0.61953125 0.7958333333333333 0.63515625 0.8222222222222222 0.65078125 0.8347222222222223 0.69921875 0.8444444444444444 0.72890625 0.8416666666666667 0.74609375 0.8305555555555556 0.74453125 0.8097222222222222 0.7375 0.7958333333333333 0.696875 0.7458333333333333 0.67265625 0.7375 0.64375 0.7375 0.625 0.7402777777777778 0.6140625 0.7486111111111111 0.6125 0.7680555555555556
0 0.57421875 0.44583333333333336 0.58203125 0.45 0.62109375 0.4486111111111111 0.6328125 0.44305555555555554 0.63046875 0.43472222222222223 0.5984375 0.42083333333333334 0.58359375 0.4263888888888889 0.57421875 0.4375 0.57421875 0.44583333333333336
0 0.4015625 0.3597222222222222 0.40546875 0.3625 0.4796875 0.3611111111111111 0.4921875 0.35555555555555557 0.48203125 0.3472222222222222 0.44609375 0.3416666666666667 0.43203125 0.3416666666666667 0.403125 0.3541666666666667 0.4015625 0.3597222222222222
0 0.1859375 0.3486111111111111 0.1921875 0.3611111111111111 0.2328125 0.36527777777777776 0.30390625 0.35555555555555557 0.3140625 0.35138888888888886 0.3171875 0.3402777777777778 0.325 0.3333333333333333 0.35546875 0.33055555555555555 0.31015625 0.32083333333333336 0.2703125 0.3277777777777778 0.253125 0.33611111111111114 0.203125 0.3277777777777778 0.18828125 0.3375 0.1859375 0.3486111111111111
0 0.62109375 0.25 0.63203125 0.26944444444444443 0.6546875 0.28055555555555556 0.69140625 0.2833333333333333 0.71171875 0.2777777777777778 0.67734375 0.25833333333333336 0.6421875 0.24722222222222223 0.62109375 0.25
0 0.16328125 0.4527777777777778 0.16875 0.4597222222222222 0.18828125 0.46944444444444444 0.234375 0.4736111111111111 0.28359375 0.4666666666666667 0.29921875 0.4736111111111111 0.31875 0.4736111111111111 0.33828125 0.46944444444444444 0.3484375 0.45555555555555555 0.34921875 0.44166666666666665 0.34140625 0.41388888888888886 0.33125 0.4111111111111111 0.3171875 0.4166666666666667 0.27890625 0.4097222222222222 0.2625 0.4152777777777778 0.246875 0.4111111111111111 0.1875 0.4166666666666667 0.171875 0.425 0.1640625 0.4444444444444444 0.16328125 0.4527777777777778
0 0.13671875 0.3013888888888889 0.13671875 0.3055555555555556 0.1640625 0.3111111111111111 0.20546875 0.30972222222222223 0.24921875 0.29444444444444445 0.24375 0.2875 0.2125 0.2847222222222222 0.15078125 0.29305555555555557 0.13671875 0.3013888888888889
0 0.325 0.2763888888888889 0.3578125 0.2875 0.3859375 0.2875 0.39375 0.2791666666666667 0.38359375 0.26805555555555555 0.36171875 0.2652777777777778 0.32578125 0.2722222222222222 0.325 0.2763888888888889
0 0.5546875 0.3958333333333333 0.56171875 0.4041666666666667 0.5890625 0.4041666666666667 0.6 0.39305555555555555 0.5984375 0.3875 0.5859375 0.38333333333333336 0.56953125 0.38333333333333336 0.55546875 0.3902777777777778 0.5546875 0.3958333333333333