0 0.6807291666666667 0.7648148148148148 0.7177078125 0.7722222222222223 0.7671880208333334 0.775 0.7661458333333333 0.7675925925925926 0.7583328125000001 0.7564805555555556 0.7520828125 0.7416666666666667 0.7401041666666667 0.7351851851851852 0.703125 0.7314805555555556 0.671875 0.7333333333333333 0.653125 0.7398148148148148 0.6807291666666667 0.7648148148148148
0 0.490625 0.7027777777777777 0.49635416666666665 0.7046296296296296 0.509375 0.7046296296296296 0.5140625 0.7 0.5109375 0.687962962962963 0.490625 0.6962962962962963 0.490625 0.7027777777777777
0 0.7291666666666666 0.6611111111111111 0.7307291666666667 0.6712962962962963 0.7546875 0.6805555555555556 0.7583333333333333 0.6768518518518518 0.7572916666666667 0.6712962962962963 0.7463541666666667 0.662962962962963 0.7421875 0.6546296296296297 0.7307291666666667 0.6583333333333333 0.7291666666666666 0.6611111111111111
2 0.5994791666666667 0.5296296296296297 0.6052083333333333 0.5314814814814814 0.6270833333333333 0.5324074074074074 0.64375 0.5287037037037037 0.6473958333333333 0.525 0.6453125 0.5222222222222223 0.625 0.5212962962962963 0.6057291666666667 0.5231481481481481 0.6 0.5268518518518519 0.5994791666666667 0.5296296296296297
0 0.79375 0.5574074074074075 0.8046875 0.562962962962963 0.8177083333333334 0.562962962962963 0.81875 0.5601851851851852 0.8057291666666667 0.5537037037037037 0.79375 0.5537037037037037 0.79375 0.5574074074074075
0 0.8359375 0.5814814814814815 0.8453125 0.5842592592592593 0.8614583333333333 0.5814814814814815 0.8546875 0.5768518518518518 0.8359375 0.5777777777777777 0.8359375 0.5814814814814815
0 0.6614583333333334 0.49444444444444446 0.6614583333333334 0.49537037037037035 0.6625 0.49722222222222223 0.6640625 0.4981481481481482 0.6729166666666667 0.4981481481481482 0.6734375 0.49722222222222223 0.6755208333333333 0.49722222222222223 0.6776041666666667 0.49444444444444446 0.6760416666666667 0.4935185185185185 0.6703125 0.4925925925925926 0.6625 0.4935185185185185 0.6614583333333334 0.49444444444444446
0 0.9226671875 0.7777564814814815 0.9273833333333333 0.7795537037037037 0.9310890625 0.780750925925926 0.9368161458333333 0.780750925925926 0.9385005208333334 0.780750925925926 0.9398479166666667 0.7801518518518519 0.9371526041666667 0.7765592592592593 0.9331104166666666 0.7711685185185185 0.9297416666666667 0.7693722222222222 0.9246885416666667 0.7693722222222222 0.9189614583333333 0.7705703703703703 0.9176109375 0.7735583333333333 0.9226671875 0.7777564814814815
0 0.9762302083333334 0.7885361111111111 0.9846520833333333 0.7915314814814816 0.9897052083333333 0.7945259259259259 0.9947583333333333 0.7945259259259259 0.9971161458333333 0.7933277777777777 0.9984635416666666 0.7921296296296296 0.9994744791666667 0.7849435185185185 0.9944213541666667 0.7819490740740741 0.990715625 0.7801518518518519 0.9836411458333333 0.7777564814814815 0.9802723958333334 0.7759601851851852 0.9752197916666667 0.7753611111111111 0.9715140625 0.7765592592592593 0.9694927083333333 0.7777564814814815 0.9688187500000001 0.7837453703703704 0.9762302083333334 0.7885361111111111
3 0.6226546875000001 0.5098805555555556 0.6668093749999999 0.508838888888889 0.661925 0.5039759259259259 0.6183567708333333 0.505712962962963 0.6226546875000001 0.5098805555555556
1 0.3466421875 0.7515814814814814 0.350965625 0.748012962962963 0.35281875 0.748012962962963 0.35899479166666665 0.7493861111111111 0.3597666666666666 0.7491111111111111 0.36300937499999997 0.7474638888888888 0.3651713541666667 0.7471898148148148 0.36686979166666667 0.7438953703703705 0.3654796875 0.7438953703703705 0.36161979166666663 0.7403268518518519 0.3605390625 0.7384055555555555 0.3597666666666666 0.7367583333333333 0.36023020833333336 0.7318175925925926 0.36069322916666663 0.7307194444444445 0.36285520833333335 0.7282490740740741 0.36409010416666665 0.7266018518518519 0.36409010416666665 0.7249555555555556 0.36409010416666665 0.7241314814814815 0.36455364583333333 0.7224842592592593 0.365634375 0.720562962962963 0.3665609375 0.7172694444444444 0.3654796875 0.7161712962962963 0.36300937499999997 0.7161712962962963 0.36146510416666666 0.7145240740740741 0.36146510416666666 0.7084851851851852 0.3622375 0.7054657407407408 0.36409010416666665 0.7027203703703704 0.36640625 0.6977796296296296 0.36609739583333334 0.6969564814814815 0.3643989583333333 0.6972305555555556 0.3627005208333333 0.699975925925926 0.3617739583333333 0.7024462962962963 0.36069322916666663 0.7040935185185185 0.3591494791666667 0.706288888888889 0.358840625 0.7079361111111111 0.3585317708333333 0.7106814814814815 0.35683333333333334 0.7145240740740741 0.3557520833333333 0.7172694444444444 0.35420833333333335 0.7211120370370371 0.35204635416666663 0.7244064814814816 0.3498848958333333 0.7263277777777778 0.3460244791666666 0.7271509259259259 0.3450984375 0.7282490740740741 0.34324531249999995 0.7312685185185185 0.34432604166666664 0.7326407407407407 0.3458703125 0.734562962962963 0.3474145833333333 0.7359351851851851 0.34818645833333334 0.7384055555555555 0.34787760416666663 0.7427972222222222 0.3469510416666666 0.7444444444444445 0.34494375 0.7463657407407408 0.34355416666666666 0.748012962962963 0.3457161458333333 0.748287962962963 0.3466421875 0.7515814814814814