0 0.55 0.5291666666666667 0.55468828125 0.5388888888888889 0.57031171875 0.5527777777777778 0.58671875 0.5569444444444445 0.62265625 0.5569444444444445 0.63828125 0.5513888888888889 0.63828125 0.5472222222222223 0.63281171875 0.5375 0.60234375 0.5111111111111111 0.56328125 0.5055555555555555 0.55156171875 0.5166666666666667 0.55 0.5222222222222223 0.55 0.5291666666666667
0 0.9771585937499999 0.8503361111111111 0.96525703125 0.8492222222222223 0.9564875 0.8486666666666666 0.94301953125 0.8442111111111111 0.9323703125 0.8442111111111111 0.9270460937499999 0.8475527777777778 0.9154570312500001 0.8536777777777778 0.9051218750000001 0.8586888888888888 0.89854453125 0.8731652777777777 0.8919671875 0.8843013888888889 0.8891484374999999 0.896551388888889 0.89259296875 0.9076875 0.89854453125 0.9221652777777777 0.90950625 0.9399833333333334 0.92516640625 0.9572444444444445 0.94176640625 0.9806305555555556 0.9505367187499999 0.9867555555555556 0.95836640625 0.9917666666666667 0.9655703125 0.9939930555555555 0.974653125 0.9967777777777778 0.98060390625 0.9986111111111111 0.99921875 0.9986111111111111 0.9974929687499999 0.8540388888888889 0.9771585937499999 0.8503361111111111
0 0.7713828125 0.6348180555555556 0.7895484374999999 0.6414986111111112 0.79831875 0.6459541666666666 0.8033296875 0.6548625 0.8114734374999999 0.6698958333333334 0.8277601562499999 0.6749083333333333 0.84122734375 0.6776916666666667 0.8575140625 0.6832597222222222 0.86941640625 0.6849305555555555 0.8810046874999999 0.6854875 0.8872687499999999 0.6849305555555555 0.89666484375 0.6827027777777778 0.90386875 0.6771347222222222 0.90919296875 0.6721236111111111 0.91483125 0.6637708333333333 0.91671015625 0.6565333333333333 0.9210953125 0.6509652777777778 0.9267328125000001 0.6453972222222222 0.9361289062499999 0.6403861111111111 0.94364609375 0.6364875 0.9433328124999999 0.6353736111111111 0.93832109375 0.6286930555555555 0.9317437500000001 0.6192263888888889 0.9248539062500001 0.6131013888888889 0.9182765625 0.6131013888888889 0.907940625 0.6131013888888889 0.89948359375 0.6136583333333333 0.8816312500000001 0.6075333333333333 0.869103125 0.6030791666666666 0.8587671875 0.6025222222222222 0.84874453125 0.6053069444444444 0.8440468750000001 0.6064194444444445 0.8371562499999999 0.60475 0.827446875 0.6008513888888889 0.8189898437500001 0.5963972222222222 0.81272578125 0.5925 0.8070882812500001 0.5886027777777778 0.80019765625 0.5897152777777778 0.7920546875000001 0.5897152777777778 0.7839109375 0.5880458333333333 0.7754546875 0.5886027777777778 0.7716960937499999 0.5824777777777778 0.76762421875 0.5886027777777778 0.7644921874999999 0.5997388888888889 0.761046875 0.6058638888888889 0.7563492187499999 0.6097611111111111 0.7547828125 0.6131013888888889 0.7539 0.6214722222222222 0.7713828125 0.6348180555555556
0 0.71500546875 0.4148444444444444 0.7228359375 0.4254236111111111 0.72941328125 0.4321055555555555 0.74413359375 0.4348888888888889 0.7535296875 0.43433194444444445 0.7629265625 0.4387861111111111 0.7701296875 0.4454680555555556 0.77639375 0.45159305555555557 0.78704296875 0.45549027777777773 0.7964390625 0.4616152777777778 0.8027031250000001 0.4644 0.80834140625 0.46718333333333334 0.82086953125 0.47275138888888885 0.8261937500000001 0.47330833333333333 0.8333976562500001 0.47609305555555553 0.84279375 0.48054722222222224 0.8546953125 0.4855583333333333 0.863778125 0.48722916666666666 0.8738007812499999 0.48834305555555557 0.8810046874999999 0.4900125 0.8947859375 0.4922402777777778 0.89948359375 0.4922402777777778 0.9088796875 0.4939111111111111 0.9210953125 0.4922402777777778 0.9267328125000001 0.48611527777777774 0.9336234375 0.482775 0.9398875 0.4794333333333333 0.9502234375 0.47386527777777776 0.95773984375 0.470525 0.9658835937499999 0.4655138888888889 0.9734 0.46217222222222226 0.9831101562500001 0.4560472222222222 0.9853023437499999 0.45549027777777773 0.9906265624999999 0.4527069444444445 0.9925062499999999 0.44936666666666664 0.97026796875 0.43266111111111116 0.9643171875000001 0.43043472222222223 0.9564875 0.4254236111111111 0.9474046875000001 0.41651388888888885 0.9364421875 0.4120597222222222 0.9261062499999999 0.40871944444444447 0.9176500000000001 0.4053777777777778 0.90574765625 0.4003666666666667 0.8963515624999999 0.40092361111111113 0.8869554687500001 0.3998097222222222 0.87630703125 0.39424166666666666 0.8716085937500001 0.39034444444444444 0.8634648437499999 0.38755972222222224 0.85406875 0.3864458333333333 0.84874453125 0.3847763888888889 0.835903125 0.3792083333333333 0.8333976562500001 0.3792083333333333 0.8236882812499999 0.3792083333333333 0.8089671875000001 0.37865138888888894 0.79894453125 0.37642361111111106 0.7876695312499999 0.37642361111111106 0.7760812500000001 0.3736402777777778 0.766684375 0.37419722222222224 0.7457 0.37642361111111106 0.74413359375 0.37753749999999997 0.73505078125 0.37976527777777774 0.7275343750000001 0.38032222222222223 0.72095703125 0.3825486111111111 0.71343984375 0.39034444444444444 0.7071757812499999 0.3947986111111111 0.70373046875 0.39702638888888886 0.6992046875 0.40394305555555554 0.71500546875 0.4148444444444444
0 0.29841796875000004 0.44893055555555555 0.29841796875000004 0.4425361111111111 0.29862968749999996 0.4346375 0.30116875 0.42372777777777776 0.30307343750000004 0.41357222222222223 0.30265 0.40492083333333334 0.300534375 0.3989013888888889 0.29693671875 0.3936347222222222 0.28529921874999997 0.3932597222222222 0.28106796875 0.3943875 0.2747203125 0.39589166666666664 0.2681609375 0.3970208333333334 0.26054374999999996 0.3970208333333334 0.25334921875 0.39626805555555555 0.2448859375 0.39062638888888884 0.24276953125 0.38987361111111113 0.23557578124999998 0.38987361111111113 0.22478437499999998 0.3955166666666666 0.21103125 0.39589166666666664 0.2019328125 0.3977736111111111 0.19304609374999998 0.4007819444444444 0.17886953125 0.4030388888888889 0.16680859374999998 0.4090583333333333 0.15496015624999998 0.4131958333333333 0.14607265625000002 0.4188375 0.13633984375 0.4259847222222222 0.12766484375 0.43538888888888894 0.12724140625 0.4440416666666666 0.13041562499999998 0.4553263888888889 0.1401484375 0.46096805555555553 0.14988203125 0.4654819444444444 0.163846875 0.4647291666666667 0.169559375 0.4658583333333333 0.1881796875 0.46623472222222223 0.20150937500000002 0.4643541666666666 0.21018515624999998 0.4639777777777778 0.22415 0.4643541666666666 0.2368453125 0.4639777777777778 0.246578125 0.4605916666666666 0.258215625 0.4602152777777778 0.278740625 0.4575833333333333 0.2956671875 0.4538208333333333 0.29841796875000004 0.44893055555555555
0 0.2294734375 0.37043055555555554 0.23476328125 0.37193472222222224 0.2411109375 0.3741916666666667 0.25020937499999996 0.3760722222222222 0.2584609375 0.3760722222222222 0.26332734375 0.3764486111111111 0.27179140625 0.3764486111111111 0.2811015625 0.3775763888888889 0.28893046875 0.3775763888888889 0.30035625 0.3764486111111111 0.3115703125 0.3749444444444444 0.318553125 0.37795277777777775 0.322784375 0.3802097222222222 0.32849765625 0.3813388888888889 0.340346875 0.3813388888888889 0.34881015625 0.3824666666666666 0.359178125 0.3839722222222222 0.3718734375 0.38698055555555555 0.38012578124999996 0.3813388888888889 0.37885625 0.37231111111111115 0.37420078125 0.3636597222222222 0.36954609375 0.3602736111111111 0.36743046874999996 0.35914583333333333 0.36087109375000004 0.3523736111111111 0.35769687499999997 0.3482361111111111 0.34352031250000004 0.34221805555555557 0.33738437499999996 0.3440986111111111 0.33357578125 0.344475 0.32405390624999997 0.3410888888888889 0.3145328125 0.3384569444444444 0.30628046875 0.33770416666666664 0.29823984375 0.33808055555555555 0.287871875 0.3388319444444444 0.27962031249999997 0.3410888888888889 0.27284921875 0.34334583333333335 0.26586640625 0.344475 0.25719140625 0.34597916666666667 0.25422968749999997 0.34597916666666667 0.24682343750000002 0.3437222222222222 0.23624375 0.34221805555555557 0.22905000000000003 0.3486125 0.22397187500000001 0.35801666666666665 0.2247515625 0.36465138888888887 0.2294734375 0.37043055555555554
0 0.2396296875 0.2872986111111111 0.232646875 0.28805 0.22524140625000003 0.2914361111111111 0.221009375 0.29444583333333335 0.2199515625 0.3008402777777778 0.2235484375 0.30535416666666665 0.23137734375000002 0.30949166666666666 0.24174531250000003 0.31062083333333335 0.24809296875000003 0.31062083333333335 0.25719140625 0.31024444444444443 0.26628984375 0.31024444444444443 0.2760234375 0.3098680555555555 0.28321718749999997 0.3098680555555555 0.28956484374999997 0.3087388888888889 0.29823984375 0.3083638888888889 0.30670390625 0.3087388888888889 0.312628125 0.3076111111111111 0.3187640625 0.3061069444444444 0.32490078125 0.30535416666666665 0.33399921875 0.3049777777777778 0.3378078125 0.3034736111111111 0.338865625 0.3008402777777778 0.338865625 0.29670277777777776 0.34013515625 0.28955555555555557 0.34182812500000004 0.2872986111111111 0.34309765625 0.2835361111111111 0.34098125 0.2801513888888889 0.33463359375 0.2801513888888889 0.32807421875 0.2801513888888889 0.32003359374999996 0.2809041666666667 0.3094546875 0.28165555555555555 0.30120234375 0.28316111111111114 0.29400859375 0.2861694444444444 0.28893046875 0.29030833333333333 0.2861796875 0.29256527777777774 0.28088984375 0.2951972222222222 0.27327265624999997 0.29707916666666667 0.266078125 0.29595 0.2599421875 0.29294027777777776 0.25549921875 0.29030833333333333 0.25253671875 0.287675 0.249703125 0.2864333333333333 0.2396296875 0.2872986111111111
0 0.5595109375 0.36389027777777777 0.56543515625 0.3631375 0.57030234375 0.3635138888888889 0.57686171875 0.36464166666666664 0.58215078125 0.3657708333333334 0.5878640625 0.3665236111111111 0.59167265625 0.3665236111111111 0.59357734375 0.36501805555555555 0.59124921875 0.3601277777777777 0.5874406249999999 0.35599027777777775 0.5787656250000001 0.3518527777777778 0.5732640625000001 0.34846666666666665 0.56522421875 0.3454583333333333 0.5565484374999999 0.34357777777777776 0.5493546874999999 0.3420722222222222 0.54364140625 0.34357777777777776 0.54025625 0.3454583333333333 0.5368710937500001 0.3544861111111111 0.53602421875 0.36088055555555554 0.5368710937500001 0.3717888888888889 0.54194921875 0.3717888888888889 0.5449109375 0.3665236111111111 0.5476617187499999 0.36464166666666664 0.5502007812499999 0.3665236111111111 0.55358671875 0.3691555555555555 0.55358671875 0.3661472222222222 0.5595109375 0.36389027777777777
0 0.5430070312499999 0.33755833333333335 0.54914296875 0.33755833333333335 0.5557023437499999 0.33755833333333335 0.5597226562500001 0.33643055555555557 0.567128125 0.334925 0.56987890625 0.33229305555555555 0.56987890625 0.3307875 0.567128125 0.32665 0.55929921875 0.3232638888888889 0.55273984375 0.3225125 0.5463921875 0.32213611111111107 0.5417375 0.32213611111111107 0.5358125 0.32100694444444444 0.53200390625 0.32063194444444443 0.52671484375 0.3213833333333333 0.52438671875 0.3232638888888889 0.52565625 0.3255208333333333 0.530734375 0.32665 0.5330625 0.3304111111111111 0.5345429687500001 0.3330444444444444 0.5351781250000001 0.33605416666666665 0.5430070312499999 0.33755833333333335
0 0.40470625 0.30588055555555554 0.4138046875 0.3092652777777778 0.42205624999999997 0.31001805555555556 0.43284765625 0.3088888888888889 0.43834921875 0.30851249999999997 0.44702421875000004 0.30851249999999997 0.45718046875 0.3088888888888889 0.46585546874999995 0.3081375 0.4700875 0.3070083333333333 0.47389609374999997 0.30625555555555556 0.47601250000000006 0.30588055555555554 0.478128125 0.30475138888888886 0.4719921875 0.3006138888888889 0.46649062499999994 0.2968513888888889 0.45866171875 0.29722777777777776 0.4523140625 0.29722777777777776 0.44660078125 0.29722777777777776 0.43834921875 0.2953472222222222 0.43581015624999997 0.2949708333333333 0.4326359375 0.2942194444444444 0.4275578125 0.2930902777777778 0.42078671874999996 0.2942194444444444 0.41570859374999997 0.29346666666666665 0.41063046875 0.2942194444444444 0.40661015625 0.29722777777777776 0.403859375 0.29873333333333335 0.39983984375000003 0.3002375 0.39433828125 0.30249444444444445 0.40470625 0.30588055555555554
0 0.17328671874999999 0.27055 0.17391640625 0.2739125 0.17675390625 0.2747527777777778 0.181009375 0.27503333333333335 0.18747109374999998 0.2753138888888889 0.18983515625 0.2755930555555555 0.19472109375 0.2755930555555555 0.19944921875 0.27643333333333336 0.20386171874999998 0.277275 0.21142734375 0.2778347222222222 0.220253125 0.27699444444444443 0.22592734375 0.2758736111111111 0.231915625 0.2747527777777778 0.2393234375 0.27363194444444444 0.24799218750000002 0.2719513888888889 0.25303515625 0.2677486111111111 0.26138828125 0.26690694444444446 0.26879609375 0.2666277777777778 0.27557343749999996 0.26466666666666666 0.27478515625 0.26074305555555555 0.2705296875 0.25654027777777777 0.26517109375 0.25570000000000004 0.263121875 0.25570000000000004 0.25807890625 0.25598055555555554 0.255871875 0.2562597222222222 0.24941015625000001 0.25598055555555554 0.244209375 0.2554194444444444 0.23822031250000003 0.25513888888888886 0.23412265625 0.25513888888888886 0.22671484375 0.25513888888888886 0.22056796875 0.25598055555555554 0.21568281250000002 0.25598055555555554 0.211584375 0.2571013888888889 0.20669921875 0.2585013888888889 0.20401953125 0.25934305555555554 0.19960703125 0.2627041666666666 0.19834609375 0.262425 0.1903078125 0.26130416666666667 0.18731328125 0.26550694444444445 0.18431875 0.26802777777777775 0.17563828125 0.26758194444444444 0.17328671874999999 0.27055