0 0.30390625 0.2861111111111111 0.34765625 0.2861111111111111 0.35781171875 0.28194444444444444 0.359375 0.2777777777777778 0.35703125 0.27361111111111114 0.34140625 0.2722222222222222 0.340625 0.2708333333333333 0.32343671875 0.2708333333333333 0.32265625 0.2722222222222222 0.31015625 0.2722222222222222 0.30234375 0.275 0.29843828125 0.2777777777777778 0.29765625 0.28194444444444444 0.30390625 0.2861111111111111
0 0.39843828124999997 0.4583333333333333 0.38906171875 0.4513888888888889 0.34453125 0.44722222222222224 0.3375 0.44305555555555554 0.33203125 0.44722222222222224 0.284375 0.4486111111111111 0.2625 0.46805555555555556 0.26328125 0.475 0.26875 0.48333333333333334 0.28515625 0.49027777777777776 0.38671875 0.4888888888888889 0.39921875 0.48333333333333334 0.40625 0.4736111111111111 0.39843828124999997 0.4583333333333333
0 0 0.8180555555555555 0 0.9986111111111111 0.24375 0.9986111111111111 0.2484375 0.9958333333333333 0.2546875 0.9805555555555555 0.2484375 0.9763888888888889 0.2484375 0.9597222222222223 0.2375 0.9625 0.21875 0.9347222222222222 0.20703125 0.9305555555555556 0.19765625 0.9069444444444444 0.19921875 0.8972222222222223 0.19609375 0.8736111111111111 0.20703125 0.8555555555555555 0.2078125 0.8444444444444444 0.21328125 0.8402777777777778 0.2171875 0.8444444444444444 0.22421875 0.8375 0.22265625 0.8305555555555556 0.2078125 0.8138888888888889 0.13359375 0.7847222222222222 0.11484375 0.7888888888888889 0.0671875 0.7847222222222222 0.046875 0.7888888888888889 0.015625 0.8055555555555556 0 0.8180555555555555
0 0.4078125 0.5611111111111111 0.51171875 0.5569444444444445 0.515625 0.5375 0.51328125 0.5319444444444444 0.4453125 0.5319444444444444 0.4171875 0.5402777777777777 0.40625 0.5527777777777778 0.4078125 0.5611111111111111
0 0.52109375 0.6611111111111111 0.54296875 0.6708333333333333 0.55546875 0.6833333333333333 0.57890625 0.6916666666666667 0.58984375 0.6861111111111111 0.5890625 0.6597222222222222 0.5671875 0.6388888888888888 0.5390625 0.6347222222222222 0.51953125 0.6458333333333334 0.52109375 0.6611111111111111
0 0.8890625 0.4666666666666667 0.9 0.48333333333333334 0.93046875 0.4930555555555556 0.93515625 0.5138888888888888 0.9734375 0.5375 0.99921875 0.5625 0.99921875 0.47638888888888886 0.94765625 0.4625 0.890625 0.4625 0.8890625 0.4666666666666667
0 0.69140625 0.31666666666666665 0.70859375 0.32083333333333336 0.73984375 0.32083333333333336 0.7375 0.3138888888888889 0.721875 0.30972222222222223 0.690625 0.3125 0.69140625 0.31666666666666665
0 0.58984375 0.29583333333333334 0.60078125 0.2986111111111111 0.64140625 0.2972222222222222 0.63828125 0.2916666666666667 0.625 0.2875 0.58828125 0.28888888888888886 0.58984375 0.29583333333333334
0 0.6078125 0.2763888888888889 0.6296875 0.28055555555555556 0.67734375 0.2777777777777778 0.66796875 0.2708333333333333 0.64609375 0.26666666666666666 0.60546875 0.2708333333333333 0.6078125 0.2763888888888889
0 0.36953125 0.3541666666666667 0.41796875 0.3680555555555556 0.475 0.36527777777777776 0.49296875 0.3597222222222222 0.5 0.35138888888888886 0.49140625 0.3375 0.45703125 0.32916666666666666 0.38828125 0.3347222222222222 0.3625 0.3458333333333333 0.36953125 0.3541666666666667
0 0.37890625 0.3138888888888889 0.38359375 0.31527777777777777 0.4078125 0.31527777777777777 0.41875 0.3125 0.42109375 0.30694444444444446 0.3953125 0.30416666666666664 0.3796875 0.30972222222222223 0.37890625 0.3138888888888889
0 0.12678359374999998 0.3312083333333333 0.13224140625 0.33391666666666664 0.13541406250000002 0.33481944444444445 0.1399828125 0.3345930555555556 0.14708984375 0.33707499999999996 0.154196875 0.3388805555555556 0.16066875 0.33955694444444445 0.169553125 0.33842916666666667 0.17627890625 0.3373 0.1840203125 0.3366236111111111 0.1906203125 0.3357208333333333 0.1974734375 0.3354958333333333 0.2118140625 0.33414166666666667 0.22704375 0.3366236111111111 0.23541953124999998 0.33414166666666667 0.239734375 0.3309833333333333 0.24531874999999997 0.3318861111111111 0.24912578124999998 0.33211111111111113 0.26727421875 0.33165972222222223 0.27704609375 0.33165972222222223 0.28326484375 0.33165972222222223 0.284534375 0.32737361111111113 0.28364531249999997 0.3228611111111111 0.28110703125000003 0.32150694444444444 0.2767921875 0.3226361111111111 0.27285859375 0.3224097222222222 0.26841640624999996 0.3224097222222222 0.26283203125 0.3224097222222222 0.25356796875 0.32150694444444444 0.2493796875 0.3199277777777778 0.244684375 0.3192513888888889 0.23998828125 0.32128194444444447 0.2358 0.3217333333333333 0.22843906249999998 0.32150694444444444 0.22183984375 0.3224097222222222 0.2140984375 0.3226361111111111 0.20965625000000002 0.32083055555555556 0.20242265625 0.32105555555555554 0.1970921875 0.3221847222222222 0.19049296875 0.32150694444444444 0.182878125 0.3201541666666667 0.17742109374999998 0.3158666666666667 0.17526406249999998 0.3131597222222222 0.1686640625 0.3111291666666667 0.16650703125 0.3113541666666667 0.16473046875 0.3113541666666667 0.16193828125 0.3090986111111111 0.15927265625 0.3030069444444444 0.15724218750000002 0.3021041666666667 0.15343515624999998 0.30323194444444446 0.1503890625 0.30390972222222223 0.14721640625000001 0.3045861111111111 0.14366328125 0.30594027777777777 0.14150546875 0.30616527777777774 0.137190625 0.3072930555555556 0.13452578125 0.30774444444444443 0.13008359375 0.30819583333333334 0.1262765625 0.3106777777777778 0.1229765625 0.3113541666666667 0.11929609375000001 0.3120319444444445 0.11371171875 0.3181236111111111 0.12678359374999998 0.3312083333333333