0 0.375781 0.469444 0.373437 0.473611 0.372656 0.473611 0.366406 0.484722 0.365625 0.484722 0.364844 0.486111 0.364062 0.486111 0.363281 0.4875 0.360156 0.4875 0.359375 0.488889 0.35625 0.488889 0.355469 0.490278 0.350781 0.490278 0.35 0.491667 0.34375 0.491667 0.342969 0.493056 0.3375 0.493056 0.336719 0.494444 0.320312 0.494444 0.319531 0.493056 0.3125 0.493056 0.311719 0.491667 0.307813 0.491667 0.307031 0.493056 0.3 0.493056 0.299219 0.494444 0.297656 0.494444 0.296875 0.495833 0.294531 0.495833 0.29375 0.497222 0.291406 0.497222 0.290625 0.498611 0.289062 0.498611 0.288281 0.5 0.286719 0.5 0.285937 0.501389 0.284375 0.501389 0.283594 0.502778 0.282813 0.502778 0.282031 0.504167 0.282031 0.518056 0.282813 0.519444 0.285156 0.519444 0.285937 0.520833 0.289062 0.520833 0.289844 0.522222 0.292188 0.522222 0.292969 0.523611 0.296875 0.523611 0.297656 0.525 0.305469 0.525 0.30625 0.526389 0.3125 0.526389 0.313281 0.527778 0.319531 0.527778 0.320312 0.529167 0.327344 0.529167 0.328125 0.530556 0.334375 0.530556 0.335156 0.531944 0.375781 0.531944 0.376563 0.530556 0.38125 0.530556 0.382031 0.529167 0.385156 0.529167 0.385938 0.527778 0.391406 0.527778 0.392188 0.526389 0.401563 0.526389 0.402344 0.525 0.414062 0.525 0.414844 0.523611 0.41875 0.523611 0.419531 0.522222 0.421875 0.522222 0.422656 0.520833 0.423438 0.520833 0.424219 0.519444 0.425781 0.519444 0.426562 0.518056 0.428125 0.518056 0.428906 0.516667 0.430469 0.516667 0.43125 0.515278 0.432031 0.515278 0.432813 0.513889 0.434375 0.513889 0.435156 0.5125 0.436719 0.5125 0.4375 0.511111 0.438281 0.511111 0.439063 0.509722 0.439844 0.509722 0.440625 0.508333 0.441406 0.508333 0.442969 0.505556 0.442969 0.495833 0.440625 0.491667 0.440625 0.490278 0.439063 0.4875 0.439063 0.486111 0.436719 0.481944 0.436719 0.480556 0.432813 0.473611 0.432031 0.473611 0.43125 0.472222 0.430469 0.472222 0.429688 0.470833 0.428906 0.470833 0.428125 0.469444 0.915345
0 0.401563 0.602778 0.400781 0.604167 0.399219 0.604167 0.398438 0.605556 0.39375 0.605556 0.392969 0.606944 0.390625 0.606944 0.389844 0.608333 0.386719 0.608333 0.385938 0.609722 0.382812 0.609722 0.382031 0.611111 0.378125 0.611111 0.377344 0.6125 0.375781 0.6125 0.375 0.613889 0.373437 0.613889 0.372656 0.615278 0.371094 0.615278 0.370313 0.616667 0.369531 0.616667 0.36875 0.618056 0.367188 0.618056 0.366406 0.619444 0.364844 0.619444 0.364062 0.620833 0.363281 0.620833 0.3625 0.622222 0.360938 0.622222 0.360156 0.623611 0.358594 0.623611 0.357812 0.625 0.357031 0.625 0.35625 0.626389 0.354688 0.626389 0.353906 0.627778 0.352344 0.627778 0.351562 0.629167 0.35 0.629167 0.349219 0.630556 0.347656 0.630556 0.346875 0.631944 0.345313 0.631944 0.344531 0.633333 0.342187 0.633333 0.341406 0.634722 0.339844 0.634722 0.339063 0.636111 0.336719 0.636111 0.335938 0.6375 0.333594 0.6375 0.332812 0.638889 0.33125 0.638889 0.330469 0.640278 0.329688 0.640278 0.328906 0.641667 0.327344 0.641667 0.326562 0.643056 0.325781 0.643056 0.325 0.644444 0.323438 0.644444 0.322656 0.645833 0.321094 0.645833 0.320312 0.647222 0.319531 0.647222 0.317969 0.65 0.317187 0.65 0.315625 0.652778 0.314844 0.652778 0.313281 0.655556 0.3125 0.655556 0.311719 0.656944 0.310156 0.656944 0.309375 0.658333 0.307813 0.658333 0.307031 0.659722 0.305469 0.659722 0.304688 0.661111 0.303906 0.661111 0.303125 0.6625 0.301562 0.6625 0.300781 0.663889 0.3 0.663889 0.299219 0.665278 0.298438 0.665278 0.296875 0.668056 0.296094 0.668056 0.294531 0.670833 0.29375 0.670833 0.291406 0.675 0.290625 0.675 0.289062 0.677778 0.288281 0.677778 0.2875 0.679167 0.286719 0.679167 0.285937 0.680556 0.284375 0.680556 0.283594 0.681944 0.282813 0.681944 0.282031 0.683333 0.280469 0.683333 0.279687 0.684722 0.277344 0.684722 0.276563 0.686111 0.275781 0.686111 0.275 0.6875 0.274219 0.6875 0.273438 0.688889 0.273438 0.694444 0.274219 0.695833 0.275 0.695833 0.275781 0.697222 0.276563 0.697222 0.277344 0.698611 0.278125 0.698611 0.28125 0.704167 0.28125 0.705556 0.282031 0.706944 0.282031 0.708333 0.286719 0.716667 0.2875 0.716667 0.288281 0.718056 0.289062 0.718056 0.289844 0.719444 0.290625 0.719444 0.291406 0.720833 0.292188 0.720833 0.292969 0.722222 0.29375 0.722222 0.295312 0.725 0.296094 0.725 0.296875 0.726389 0.297656 0.726389 0.298438 0.727778 0.3 0.727778 0.300781 0.729167 0.303906 0.729167 0.304688 0.730556 0.307813 0.730556 0.308594 0.731944 0.310156 0.731944 0.310937 0.733333 0.311719 0.733333 0.3125 0.734722 0.313281 0.734722 0.314063 0.736111 0.315625 0.736111 0.316406 0.7375 0.317187 0.7375 0.317969 0.738889 0.319531 0.738889 0.321094 0.741667 0.321875 0.741667 0.323438 0.744444 0.324219 0.744444 0.325 0.745833 0.325781 0.745833 0.326562 0.747222 0.327344 0.747222 0.328125 0.748611 0.328906 0.748611 0.330469 0.751389 0.33125 0.751389 0.332812 0.754167 0.333594 0.754167 0.335156 0.756944 0.335938 0.756944 0.336719 0.758333 0.3375 0.758333 0.338281 0.759722 0.339063 0.759722 0.342187 0.765278 0.342969 0.765278 0.346094 0.770833 0.346875 0.770833 0.348437 0.773611 0.349219 0.773611 0.35 0.775 0.350781 0.775 0.352344 0.777778 0.353125 0.777778 0.353906 0.779167 0.355469 0.779167 0.35625 0.780556 0.357031 0.780556 0.358594 0.783333 0.359375 0.783333 0.360156 0.784722 0.361719 0.784722 0.3625 0.786111 0.363281 0.786111 0.364062 0.7875 0.364844 0.7875 0.365625 0.788889 0.366406 0.788889 0.367188 0.790278 0.36875 0.790278 0.369531 0.791667 0.370313 0.791667 0.371094 0.793056 0.374219 0.793056 0.375 0.794444 0.392969 0.794444 0.39375 0.795833 0.524219 0.795833 0.525 0.794444 0.526563 0.794444 0.527344 0.793056 0.529688 0.793056 0.530469 0.791667 0.532031 0.791667 0.532812 0.790278 0.533594 0.790278 0.535156 0.7875 0.535937 0.7875 0.536719 0.786111 0.5375 0.786111 0.538281 0.784722 0.539062 0.784722 0.539844 0.783333 0.540625 0.783333 0.542188 0.780556 0.542969 0.780556 0.54375 0.779167 0.545313 0.779167 0.546094 0.777778 0.546875 0.777778 0.547656 0.776389 0.551562 0.776389 0.552344 0.775 0.553906 0.775 0.554688 0.773611 0.55625 0.773611 0.557031 0.772222 0.559375 0.772222 0.560156 0.770833 0.561719 0.770833 0.563281 0.768056 0.564062 0.768056 0.564844 0.766667 0.566406 0.766667 0.567187 0.765278 0.56875 0.765278 0.569531 0.763889 0.570312 0.763889 0.571094 0.7625 0.572656 0.7625 0.573438 0.761111 0.574219 0.761111 0.575 0.759722 0.576563 0.759722 0.577344 0.758333 0.578125 0.758333 0.578906 0.756944 0.580469 0.756944 0.58125 0.755556 0.582031 0.755556 0.582812 0.754167 0.583594 0.754167 0.584375 0.752778 0.585938 0.752778 0.586719 0.751389 0.5875 0.751389 0.588281 0.75 0.589063 0.75 0.589844 0.748611 0.590625 0.748611 0.591406 0.747222 0.592188 0.747222 0.592969 0.745833 0.595312 0.745833 0.596094 0.744444 0.602344 0.744444 0.603125 0.743056 0.604688 0.743056 0.605469 0.741667 0.60625 0.741667 0.608594 0.7375 0.609375 0.7375 0.610937 0.734722 0.611719 0.734722 0.616406 0.726389 0.615625 0.725 0.615625 0.701389 0.614844 0.7 0.614844 0.693056 0.614062 0.691667 0.614062 0.690278 0.6125 0.6875 0.6125 0.686111 0.610937 0.683333 0.610937 0.681944 0.610156 0.680556 0.610156 0.679167 0.609375 0.677778 0.609375 0.676389 0.608594 0.675 0.608594 0.673611 0.6 0.658333 0.6 0.656944 0.599219 0.655556 0.599219 0.654167 0.598437 0.652778 0.598437 0.65 0.596875 0.647222 0.596875 0.645833 0.592969 0.638889 0.592188 0.638889 0.590625 0.636111 0.589844 0.636111 0.589063 0.634722 0.5875 0.634722 0.585156 0.630556 0.584375 0.630556 0.58125 0.625 0.580469 0.625 0.578906 0.622222 0.578125 0.622222 0.577344 0.620833 0.575 0.620833 0.574219 0.619444 0.570312 0.619444 0.569531 0.618056 0.566406 0.618056 0.565625 0.616667 0.563281 0.616667 0.5625 0.615278 0.560156 0.615278 0.559375 0.613889 0.557813 0.613889 0.557031 0.6125 0.553906 0.6125 0.553125 0.611111 0.544531 0.611111 0.54375 0.609722 0.539062 0.609722 0.538281 0.608333 0.535156 0.608333 0.534375 0.606944 0.53125 0.606944 0.530469 0.605556 0.527344 0.605556 0.526563 0.604167 0.524219 0.604167 0.523438 0.602778 0.46875 0.602778 0.467969 0.604167 0.464063 0.604167 0.463281 0.605556 0.459375 0.605556 0.458594 0.606944 0.453906 0.606944 0.453125 0.608333 0.447656 0.608333 0.446875 0.609722 0.428125 0.609722 0.427344 0.608333 0.424219 0.608333 0.423438 0.606944 0.417969 0.606944 0.417188 0.605556 0.414844 0.605556 0.414062 0.604167 0.4125 0.604167 0.411719 0.602778 0.890697
0 0.717188 0.501389 0.717188 0.5125 0.717969 0.513889 0.71875 0.513889 0.719531 0.515278 0.721094 0.515278 0.721875 0.516667 0.724219 0.516667 0.725 0.518056 0.728125 0.518056 0.728906 0.519444 0.73125 0.519444 0.732031 0.520833 0.735937 0.520833 0.736719 0.522222 0.740625 0.522222 0.741406 0.523611 0.745313 0.523611 0.746094 0.525 0.799219 0.525 0.8 0.523611 0.804688 0.523611 0.805469 0.522222 0.808594 0.522222 0.809375 0.520833 0.810938 0.520833 0.8125 0.518056 0.813281 0.518056 0.816406 0.5125 0.814844 0.509722 0.814062 0.509722 0.813281 0.508333 0.811719 0.508333 0.810938 0.506944 0.809375 0.506944 0.808594 0.505556 0.80625 0.505556 0.805469 0.504167 0.803125 0.504167 0.802344 0.502778 0.799219 0.502778 0.798437 0.501389 0.827579
0 0.704687 0.415278 0.704687 0.433333 0.70625 0.433333 0.707031 0.434722 0.707812 0.434722 0.708594 0.436111 0.710156 0.436111 0.710938 0.4375 0.7125 0.4375 0.713281 0.438889 0.715625 0.438889 0.716406 0.440278 0.721094 0.440278 0.721875 0.441667 0.727344 0.441667 0.728125 0.443056 0.732813 0.443056 0.733594 0.444444 0.739062 0.444444 0.739844 0.445833 0.744531 0.445833 0.745313 0.447222 0.750781 0.447222 0.751562 0.448611 0.757031 0.448611 0.757812 0.45 0.764063 0.45 0.764844 0.451389 0.771094 0.451389 0.771875 0.452778 0.8 0.452778 0.800781 0.451389 0.802344 0.451389 0.803125 0.45 0.803125 0.438889 0.802344 0.438889 0.801562 0.4375 0.800781 0.4375 0.8 0.436111 0.799219 0.436111 0.798437 0.434722 0.796875 0.434722 0.796094 0.433333 0.795313 0.433333 0.79375 0.430556 0.792969 0.430556 0.791406 0.427778 0.790625 0.427778 0.789844 0.426389 0.789062 0.426389 0.788281 0.425 0.786719 0.425 0.785937 0.423611 0.784375 0.423611 0.783594 0.422222 0.782031 0.422222 0.78125 0.420833 0.778906 0.420833 0.778125 0.419444 0.775781 0.419444 0.775 0.418056 0.771875 0.418056 0.771094 0.416667 0.765625 0.416667 0.764844 0.415278 0.775847
0 0.717969 0.358333 0.717188 0.359722 0.716406 0.359722 0.715625 0.361111 0.714063 0.361111 0.713281 0.3625 0.710156 0.3625 0.710156 0.375 0.711719 0.375 0.7125 0.376389 0.713281 0.376389 0.714063 0.377778 0.715625 0.377778 0.716406 0.379167 0.717969 0.379167 0.71875 0.380556 0.720312 0.380556 0.721094 0.381944 0.722656 0.381944 0.723437 0.383333 0.725781 0.383333 0.726562 0.384722 0.728906 0.384722 0.729688 0.386111 0.732031 0.386111 0.732813 0.3875 0.735937 0.3875 0.736719 0.388889 0.739844 0.388889 0.740625 0.390278 0.744531 0.390278 0.745313 0.391667 0.75625 0.391667 0.757031 0.393056 0.774219 0.393056 0.775 0.394444 0.808594 0.394444 0.809375 0.393056 0.816406 0.393056 0.817187 0.391667 0.819531 0.391667 0.820312 0.390278 0.822656 0.390278 0.823438 0.388889 0.825 0.388889 0.825781 0.3875 0.827344 0.3875 0.828906 0.384722 0.828906 0.383333 0.83125 0.379167 0.830469 0.377778 0.828906 0.377778 0.828125 0.376389 0.827344 0.376389 0.826563 0.375 0.825781 0.375 0.825 0.373611 0.823438 0.373611 0.822656 0.372222 0.820312 0.372222 0.819531 0.370833 0.817969 0.370833 0.817187 0.369444 0.815625 0.369444 0.814844 0.368056 0.811719 0.368056 0.810938 0.366667 0.807813 0.366667 0.807031 0.365278 0.802344 0.365278 0.801562 0.363889 0.798437 0.363889 0.797656 0.3625 0.79375 0.3625 0.792969 0.361111 0.790625 0.361111 0.789844 0.359722 0.785937 0.359722 0.785156 0.358333 0.759723
0 0.938281 0.497222 0.9375 0.498611 0.933594 0.498611 0.932813 0.5 0.93125 0.5 0.93125 0.513889 0.932031 0.513889 0.932813 0.515278 0.934375 0.515278 0.935156 0.516667 0.936719 0.516667 0.9375 0.518056 0.939844 0.518056 0.940625 0.519444 0.942187 0.519444 0.942969 0.520833 0.945312 0.520833 0.946094 0.522222 0.949219 0.522222 0.95 0.523611 0.955469 0.523611 0.95625 0.525 0.964844 0.525 0.965625 0.526389 0.971875 0.526389 0.972656 0.527778 0.975781 0.527778 0.976562 0.529167 0.999219 0.529167 0.999219 0.497222 0.750388
0 0.217187 0.544444 0.216406 0.545833 0.210156 0.545833 0.209375 0.547222 0.204688 0.547222 0.203906 0.548611 0.200781 0.548611 0.2 0.55 0.192969 0.55 0.192188 0.551389 0.182031 0.551389 0.18125 0.552778 0.176563 0.552778 0.175781 0.554167 0.165625 0.554167 0.164844 0.555556 0.147656 0.555556 0.146875 0.556944 0.139062 0.556944 0.138281 0.558333 0.0851562 0.558333 0.084375 0.556944 0.0734375 0.556944 0.0726563 0.555556 0.046875 0.555556 0.0460938 0.556944 0.0382813 0.556944 0.0375 0.558333 0.021875 0.558333 0.0210938 0.559722 0.0117188 0.559722 0.0109375 0.561111 0.009375 0.561111 0.009375 0.594444 0.0101562 0.593056 0.0140625 0.593056 0.0148437 0.591667 0.021875 0.591667 0.0226563 0.590278 0.0601562 0.590278 0.0609375 0.591667 0.0679687 0.591667 0.06875 0.593056 0.071875 0.593056 0.0726563 0.594444 0.0796875 0.594444 0.0804688 0.595833 0.0851562 0.595833 0.0859375 0.597222 0.0898438 0.597222 0.090625 0.598611 0.0945313 0.598611 0.0953125 0.6 0.124219 0.6 0.125 0.598611 0.142188 0.598611 0.142969 0.597222 0.155469 0.597222 0.15625 0.595833 0.165625 0.595833 0.166406 0.597222 0.174219 0.597222 0.175 0.598611 0.18125 0.598611 0.182031 0.6 0.19375 0.6 0.194531 0.598611 0.198437 0.598611 0.199219 0.597222 0.202344 0.597222 0.203125 0.595833 0.207031 0.595833 0.207813 0.594444 0.210938 0.594444 0.211719 0.593056 0.214844 0.593056 0.215625 0.591667 0.217187 0.591667 0.217969 0.590278 0.220313 0.590278 0.221094 0.588889 0.223438 0.588889 0.224219 0.5875 0.226562 0.5875 0.227344 0.586111 0.229687 0.586111 0.230469 0.584722 0.232031 0.584722 0.232812 0.583333 0.234375 0.583333 0.235156 0.581944 0.236719 0.581944 0.2375 0.580556 0.240625 0.580556 0.241406 0.579167 0.24375 0.579167 0.244531 0.577778 0.247656 0.577778 0.248437 0.576389 0.250781 0.576389 0.251563 0.575 0.253906 0.575 0.254687 0.573611 0.255469 0.573611 0.25625 0.572222 0.258594 0.572222 0.259375 0.570833 0.2625 0.570833 0.263281 0.569444 0.267969 0.569444 0.26875 0.568056 0.274219 0.568056 0.275 0.566667 0.278125 0.566667 0.278906 0.565278 0.279687 0.565278 0.279687 0.5625 0.280469 0.561111 0.280469 0.555556 0.279687 0.555556 0.275781 0.548611 0.274219 0.548611 0.273438 0.547222 0.271094 0.547222 0.270312 0.545833 0.265625 0.545833 0.264844 0.544444 0.241406 0.544444 0.240625 0.545833 0.235156 0.545833 0.234375 0.544444 0.748737
0 0.392188 0.2375 0.392188 0.241667 0.392969 0.241667 0.39375 0.243056 0.394531 0.243056 0.395312 0.244444 0.396094 0.244444 0.396875 0.245833 0.398438 0.245833 0.399219 0.247222 0.402344 0.247222 0.403125 0.248611 0.433594 0.248611 0.434375 0.247222 0.439844 0.247222 0.440625 0.245833 0.442969 0.245833 0.44375 0.244444 0.444531 0.244444 0.444531 0.238889 0.44375 0.2375 0.669397
0 0.236719 0.388889 0.235938 0.390278 0.233594 0.390278 0.232812 0.391667 0.230469 0.391667 0.229687 0.393056 0.228125 0.393056 0.227344 0.394444 0.225 0.394444 0.224219 0.395833 0.221875 0.395833 0.221094 0.397222 0.219531 0.397222 0.21875 0.398611 0.217187 0.398611 0.216406 0.4 0.214844 0.4 0.214062 0.401389 0.2125 0.401389 0.211719 0.402778 0.210156 0.402778 0.209375 0.404167 0.207031 0.404167 0.20625 0.405556 0.205469 0.405556 0.205469 0.423611 0.209375 0.423611 0.210156 0.425 0.213281 0.425 0.214062 0.426389 0.217187 0.426389 0.217969 0.427778 0.280469 0.427778 0.28125 0.426389 0.2875 0.426389 0.288281 0.425 0.29375 0.425 0.294531 0.423611 0.298438 0.423611 0.299219 0.422222 0.301562 0.422222 0.302344 0.420833 0.303906 0.420833 0.304688 0.419444 0.307031 0.419444 0.307813 0.418056 0.308594 0.418056 0.309375 0.416667 0.310937 0.416667 0.311719 0.415278 0.3125 0.415278 0.313281 0.413889 0.314063 0.413889 0.316406 0.409722 0.316406 0.402778 0.3125 0.395833 0.311719 0.395833 0.310937 0.394444 0.308594 0.394444 0.307813 0.393056 0.304688 0.393056 0.303906 0.391667 0.301562 0.391667 0.300781 0.390278 0.298438 0.390278 0.297656 0.388889 0.639481
0 0.539844 0.227778 0.539844 0.234722 0.541406 0.234722 0.542188 0.236111 0.54375 0.236111 0.544531 0.2375 0.546875 0.2375 0.547656 0.238889 0.549219 0.238889 0.55 0.240278 0.552344 0.240278 0.553125 0.241667 0.55625 0.241667 0.557031 0.243056 0.560938 0.243056 0.561719 0.244444 0.565625 0.244444 0.566406 0.245833 0.571094 0.245833 0.571875 0.247222 0.580469 0.247222 0.58125 0.248611 0.59375 0.248611 0.594531 0.25 0.617969 0.25 0.61875 0.251389 0.625781 0.251389 0.626562 0.25 0.644531 0.25 0.645312 0.248611 0.649219 0.248611 0.65 0.247222 0.652344 0.247222 0.653125 0.245833 0.654688 0.245833 0.655469 0.244444 0.654688 0.243056 0.653906 0.243056 0.653125 0.241667 0.652344 0.241667 0.65 0.2375 0.649219 0.2375 0.648438 0.236111 0.646875 0.236111 0.646094 0.234722 0.64375 0.234722 0.642969 0.233333 0.639063 0.233333 0.638281 0.231944 0.635938 0.231944 0.635156 0.230556 0.633594 0.230556 0.632812 0.229167 0.630469 0.229167 0.629687 0.227778 0.486688
0 0.535937 0.227778 0.535937 0.231944 0.536719 0.233333 0.538281 0.233333 0.539062 0.234722 0.541406 0.234722 0.542188 0.236111 0.54375 0.236111 0.544531 0.2375 0.546875 0.2375 0.547656 0.238889 0.549219 0.238889 0.55 0.240278 0.552344 0.240278 0.553125 0.241667 0.55625 0.241667 0.557031 0.243056 0.560938 0.243056 0.561719 0.244444 0.565625 0.244444 0.566406 0.245833 0.571875 0.245833 0.572656 0.247222 0.582812 0.247222 0.583594 0.248611 0.596094 0.248611 0.596875 0.25 0.615625 0.25 0.616406 0.251389 0.63125 0.251389 0.632031 0.25 0.646094 0.25 0.646875 0.248611 0.65 0.248611 0.650781 0.247222 0.653125 0.247222 0.653906 0.245833 0.653906 0.243056 0.652344 0.240278 0.651563 0.240278 0.65 0.2375 0.649219 0.2375 0.648438 0.236111 0.646875 0.236111 0.646094 0.234722 0.64375 0.234722 0.642969 0.233333 0.639844 0.233333 0.639063 0.231944 0.635938 0.231944 0.635156 0.230556 0.633594 0.230556 0.632812 0.229167 0.630469 0.229167 0.629687 0.227778 0.362502
0 0.717188 0.358333 0.716406 0.359722 0.715625 0.359722 0.714844 0.361111 0.713281 0.361111 0.713281 0.376389 0.714063 0.377778 0.715625 0.377778 0.716406 0.379167 0.717969 0.379167 0.71875 0.380556 0.720312 0.380556 0.721094 0.381944 0.722656 0.381944 0.723437 0.383333 0.725 0.383333 0.725781 0.384722 0.728906 0.384722 0.729688 0.386111 0.732813 0.386111 0.733594 0.3875 0.736719 0.3875 0.7375 0.388889 0.739844 0.388889 0.740625 0.390278 0.745313 0.390278 0.746094 0.391667 0.75625 0.391667 0.757031 0.393056 0.773438 0.393056 0.774219 0.394444 0.808594 0.394444 0.809375 0.393056 0.815625 0.393056 0.816406 0.391667 0.819531 0.391667 0.820312 0.390278 0.822656 0.390278 0.823438 0.388889 0.825 0.388889 0.825781 0.3875 0.827344 0.3875 0.828906 0.384722 0.828906 0.376389 0.827344 0.376389 0.826563 0.375 0.825 0.375 0.824219 0.373611 0.822656 0.373611 0.821875 0.372222 0.820312 0.372222 0.819531 0.370833 0.817969 0.370833 0.817187 0.369444 0.814844 0.369444 0.814062 0.368056 0.810938 0.368056 0.810156 0.366667 0.807031 0.366667 0.80625 0.365278 0.802344 0.365278 0.801562 0.363889 0.798437 0.363889 0.797656 0.3625 0.79375 0.3625 0.792969 0.361111 0.789844 0.361111 0.789062 0.359722 0.785937 0.359722 0.785156 0.358333 0.361601
