0 0.891406 0.461111 0.891406 0.472222 0.892187 0.473611 0.892969 0.473611 0.895312 0.477778 0.896094 0.477778 0.898438 0.481944 0.899219 0.481944 0.9 0.483333 0.900781 0.483333 0.902344 0.486111 0.903906 0.486111 0.904688 0.4875 0.905469 0.4875 0.90625 0.488889 0.908594 0.488889 0.909375 0.490278 0.914062 0.490278 0.914844 0.491667 0.921094 0.491667 0.921875 0.493056 0.925 0.493056 0.925781 0.494444 0.926562 0.494444 0.93125 0.502778 0.93125 0.504167 0.934375 0.509722 0.934375 0.511111 0.935156 0.5125 0.935938 0.5125 0.936719 0.513889 0.9375 0.513889 0.938281 0.515278 0.939062 0.515278 0.939844 0.516667 0.941406 0.516667 0.942187 0.518056 0.944531 0.518056 0.945312 0.519444 0.947656 0.519444 0.948438 0.520833 0.95 0.520833 0.950781 0.522222 0.952344 0.522222 0.953125 0.523611 0.953906 0.523611 0.954687 0.525 0.95625 0.525 0.957031 0.526389 0.959375 0.526389 0.960156 0.527778 0.9625 0.527778 0.963281 0.529167 0.964063 0.529167 0.965625 0.531944 0.966406 0.531944 0.967188 0.533333 0.967969 0.533333 0.96875 0.534722 0.969531 0.534722 0.970312 0.536111 0.971875 0.536111 0.972656 0.5375 0.973437 0.5375 0.975 0.540278 0.975781 0.540278 0.976562 0.541667 0.977344 0.541667 0.978125 0.543056 0.978906 0.543056 0.979688 0.544444 0.980469 0.544444 0.98125 0.545833 0.982031 0.545833 0.984375 0.55 0.985156 0.55 0.986719 0.552778 0.9875 0.552778 0.988281 0.554167 0.989062 0.554167 0.989844 0.555556 0.990625 0.555556 0.992188 0.558333 0.992969 0.558333 0.99375 0.559722 0.995313 0.559722 0.996094 0.561111 0.999219 0.561111 0.999219 0.472222 0.994531 0.472222 0.99375 0.470833 0.985937 0.470833 0.985156 0.469444 0.976562 0.469444 0.975781 0.468056 0.975 0.468056 0.974219 0.466667 0.973437 0.466667 0.972656 0.465278 0.971094 0.465278 0.970312 0.463889 0.96875 0.463889 0.967969 0.4625 0.964844 0.4625 0.964063 0.461111 0.911473
0 0.385938 0.329167 0.385156 0.330556 0.383594 0.330556 0.382812 0.331944 0.380469 0.331944 0.379687 0.333333 0.378125 0.333333 0.377344 0.334722 0.376563 0.334722 0.375781 0.336111 0.373437 0.336111 0.372656 0.3375 0.370313 0.3375 0.369531 0.338889 0.367188 0.338889 0.366406 0.340278 0.364844 0.340278 0.364062 0.341667 0.3625 0.341667 0.361719 0.343056 0.361719 0.347222 0.3625 0.348611 0.3625 0.35 0.364062 0.352778 0.365625 0.352778 0.366406 0.354167 0.36875 0.354167 0.369531 0.355556 0.372656 0.355556 0.373437 0.356944 0.376563 0.356944 0.377344 0.358333 0.379687 0.358333 0.380469 0.359722 0.382031 0.359722 0.382812 0.361111 0.384375 0.361111 0.385156 0.3625 0.3875 0.3625 0.388281 0.363889 0.391406 0.363889 0.392188 0.365278 0.399219 0.365278 0.4 0.366667 0.410156 0.366667 0.410937 0.368056 0.482812 0.368056 0.483594 0.366667 0.486719 0.366667 0.4875 0.365278 0.489062 0.365278 0.489844 0.363889 0.490625 0.363889 0.491406 0.3625 0.492188 0.3625 0.492969 0.361111 0.49375 0.361111 0.494531 0.359722 0.495313 0.359722 0.496875 0.356944 0.497656 0.356944 0.499219 0.354167 0.499219 0.343056 0.497656 0.340278 0.496094 0.340278 0.495313 0.338889 0.494531 0.338889 0.49375 0.3375 0.492188 0.3375 0.491406 0.336111 0.489844 0.336111 0.489062 0.334722 0.488281 0.334722 0.4875 0.333333 0.485156 0.333333 0.484375 0.331944 0.480469 0.331944 0.479688 0.330556 0.475781 0.330556 0.475 0.329167 0.847489
0 0.257812 0.447222 0.259375 0.444444 0.260156 0.444444 0.261719 0.441667 0.2625 0.441667 0.2625 0.440278 0.259375 0.434722 0.258594 0.434722 0.257812 0.433333 0.257812 0.447222 0.257812 0.454167 0.257812 0.484722 0.258594 0.483333 0.260938 0.483333 0.261719 0.481944 0.2625 0.481944 0.263281 0.483333 0.267188 0.483333 0.267969 0.484722 0.269531 0.484722 0.270312 0.486111 0.272656 0.486111 0.273438 0.4875 0.276563 0.4875 0.277344 0.488889 0.389844 0.488889 0.390625 0.4875 0.392969 0.4875 0.39375 0.486111 0.395312 0.486111 0.396094 0.484722 0.396875 0.484722 0.399219 0.480556 0.4 0.480556 0.402344 0.476389 0.403125 0.476389 0.40625 0.470833 0.407031 0.470833 0.407031 0.461111 0.405469 0.461111 0.404687 0.459722 0.402344 0.459722 0.401563 0.458333 0.400781 0.458333 0.399219 0.455556 0.398438 0.455556 0.397656 0.454167 0.396875 0.454167 0.396094 0.452778 0.395312 0.452778 0.394531 0.451389 0.39375 0.451389 0.392969 0.45 0.392188 0.45 0.391406 0.448611 0.390625 0.448611 0.389844 0.447222 0.389062 0.447222 0.388281 0.445833 0.3875 0.445833 0.386719 0.444444 0.385156 0.444444 0.384375 0.443056 0.382812 0.443056 0.38125 0.440278 0.38125 0.433333 0.382812 0.430556 0.382812 0.429167 0.28125 0.429167 0.280469 0.430556 0.278125 0.430556 0.277344 0.431944 0.273438 0.431944 0.272656 0.433333 0.271875 0.433333 0.276563 0.441667 0.275781 0.443056 0.275781 0.45 0.275 0.451389 0.274219 0.451389 0.273438 0.452778 0.272656 0.452778 0.271875 0.454167 0.271094 0.454167 0.270312 0.455556 0.269531 0.455556 0.26875 0.456944 0.267969 0.456944 0.267188 0.458333 0.264062 0.458333 0.263281 0.456944 0.260938 0.456944 0.260156 0.455556 0.259375 0.455556 0.258594 0.454167 0.257812 0.454167 0.828073
0 0.303125 0.270833 0.302344 0.272222 0.301562 0.272222 0.300781 0.273611 0.299219 0.273611 0.299219 0.283333 0.300781 0.283333 0.301562 0.284722 0.307031 0.284722 0.307813 0.286111 0.346875 0.286111 0.347656 0.284722 0.352344 0.284722 0.353125 0.283333 0.355469 0.283333 0.35625 0.281944 0.357812 0.281944 0.358594 0.280556 0.358594 0.275 0.357812 0.273611 0.357812 0.272222 0.357031 0.270833 0.786805
0 0.0546875 0.781944 0.0539063 0.783333 0.0515625 0.783333 0.0507812 0.784722 0.0476562 0.784722 0.046875 0.786111 0.0453125 0.786111 0.0445312 0.7875 0.0429688 0.7875 0.0421875 0.788889 0.040625 0.788889 0.0398437 0.790278 0.0375 0.790278 0.0367187 0.791667 0.034375 0.791667 0.0335938 0.793056 0.0304688 0.793056 0.0296875 0.794444 0.0273438 0.794444 0.0265625 0.795833 0.025 0.795833 0.0242187 0.797222 0.0226563 0.797222 0.021875 0.798611 0.0210938 0.798611 0.0203125 0.8 0.0195312 0.8 0.01875 0.801389 0.0171875 0.801389 0.0164062 0.802778 0.015625 0.802778 0.0148437 0.804167 0.0132813 0.804167 0.0125 0.805556 0.0117188 0.805556 0.0109375 0.806944 0.0101562 0.806944 0.009375 0.808333 0.00859375 0.808333 0.0078125 0.809722 0.00703125 0.809722 0.00625 0.811111 0.00546875 0.811111 0.0046875 0.8125 0.00390625 0.8125 0.003125 0.813889 0.00078125 0.813889 0.00078125 0.997222 0.260938 0.997222 0.260938 0.952778 0.257031 0.952778 0.25625 0.954167 0.253906 0.954167 0.253125 0.955556 0.25 0.955556 0.249219 0.956944 0.242188 0.956944 0.241406 0.955556 0.240625 0.955556 0.238281 0.951389 0.2375 0.951389 0.236719 0.95 0.235938 0.95 0.235156 0.948611 0.234375 0.948611 0.233594 0.947222 0.232812 0.947222 0.232031 0.945833 0.23125 0.945833 0.230469 0.947222 0.21875 0.947222 0.217969 0.945833 0.216406 0.945833 0.214844 0.943056 0.214062 0.943056 0.213281 0.941667 0.2125 0.941667 0.210156 0.9375 0.209375 0.9375 0.208594 0.936111 0.207031 0.936111 0.20625 0.934722 0.20625 0.927778 0.205469 0.926389 0.205469 0.9 0.20625 0.898611 0.20625 0.894444 0.207031 0.893056 0.207031 0.891667 0.207813 0.890278 0.207813 0.886111 0.208594 0.884722 0.208594 0.880556 0.209375 0.879167 0.209375 0.877778 0.210938 0.875 0.210938 0.873611 0.214062 0.868056 0.214844 0.868056 0.215625 0.866667 0.216406 0.866667 0.217187 0.865278 0.217969 0.865278 0.21875 0.863889 0.219531 0.863889 0.220313 0.8625 0.221094 0.8625 0.221875 0.861111 0.222656 0.861111 0.223438 0.859722 0.224219 0.859722 0.225 0.858333 0.225781 0.858333 0.226562 0.856944 0.228125 0.856944 0.228906 0.855556 0.232812 0.855556 0.233594 0.854167 0.239063 0.854167 0.239844 0.852778 0.241406 0.852778 0.242188 0.851389 0.242969 0.851389 0.247656 0.843056 0.246094 0.840278 0.245312 0.840278 0.244531 0.838889 0.24375 0.838889 0.242188 0.836111 0.238281 0.836111 0.2375 0.834722 0.232812 0.834722 0.232031 0.833333 0.223438 0.833333 0.222656 0.831944 0.217969 0.831944 0.217187 0.830556 0.214062 0.830556 0.213281 0.829167 0.208594 0.829167 0.207813 0.827778 0.20625 0.827778 0.205469 0.829167 0.196094 0.829167 0.195312 0.827778 0.19375 0.827778 0.192969 0.826389 0.190625 0.826389 0.189844 0.825 0.189063 0.825 0.186719 0.820833 0.186719 0.819444 0.185937 0.818056 0.185937 0.815278 0.185156 0.813889 0.185156 0.8125 0.184375 0.811111 0.184375 0.809722 0.183594 0.808333 0.183594 0.806944 0.180469 0.801389 0.179688 0.801389 0.178906 0.8 0.176563 0.8 0.175781 0.798611 0.171094 0.798611 0.170312 0.797222 0.167187 0.797222 0.165625 0.794444 0.164844 0.794444 0.163281 0.791667 0.1625 0.791667 0.158594 0.784722 0.157031 0.784722 0.155469 0.781944 0.737553
0 0.605469 0.266667 0.605469 0.273611 0.608594 0.273611 0.609375 0.275 0.613281 0.275 0.614062 0.276389 0.619531 0.276389 0.620313 0.277778 0.629687 0.277778 0.630469 0.279167 0.664844 0.279167 0.665625 0.277778 0.66875 0.277778 0.669531 0.276389 0.671094 0.276389 0.671875 0.275 0.672656 0.275 0.673437 0.273611 0.674219 0.273611 0.675 0.272222 0.675781 0.272222 0.675 0.270833 0.673437 0.270833 0.672656 0.269444 0.671094 0.269444 0.670313 0.268056 0.669531 0.268056 0.66875 0.266667 0.732457
0 0.590625 0.2875 0.590625 0.294444 0.595312 0.294444 0.596094 0.295833 0.6 0.295833 0.600781 0.297222 0.603906 0.297222 0.604688 0.298611 0.639844 0.298611 0.639844 0.295833 0.635938 0.288889 0.635938 0.2875 0.732235
0 0.422656 0.529167 0.421094 0.531944 0.419531 0.531944 0.41875 0.533333 0.417188 0.533333 0.416406 0.534722 0.414844 0.534722 0.414062 0.536111 0.413281 0.536111 0.4125 0.5375 0.411719 0.5375 0.410937 0.538889 0.409375 0.538889 0.408594 0.540278 0.40625 0.540278 0.405469 0.541667 0.403125 0.541667 0.403125 0.561111 0.408594 0.561111 0.409375 0.5625 0.472656 0.5625 0.473437 0.561111 0.482812 0.561111 0.483594 0.559722 0.5 0.559722 0.500781 0.558333 0.507812 0.558333 0.508594 0.556944 0.511719 0.556944 0.5125 0.555556 0.513281 0.555556 0.516406 0.55 0.516406 0.547222 0.517187 0.545833 0.517187 0.5375 0.516406 0.536111 0.516406 0.534722 0.515625 0.533333 0.515625 0.531944 0.514063 0.529167 0.661241
0 0.689062 0.309722 0.689062 0.316667 0.690625 0.316667 0.691406 0.318056 0.701563 0.318056 0.702344 0.319444 0.7125 0.319444 0.713281 0.320833 0.730469 0.320833 0.73125 0.322222 0.732031 0.322222 0.732813 0.320833 0.738281 0.320833 0.739062 0.319444 0.739844 0.319444 0.740625 0.318056 0.741406 0.318056 0.742188 0.316667 0.742969 0.316667 0.741406 0.313889 0.740625 0.313889 0.739844 0.3125 0.739062 0.3125 0.738281 0.311111 0.7375 0.311111 0.736719 0.309722 0.496163
0 0.00078125 0.320833 0.00078125 0.348611 0.003125 0.348611 0.00390625 0.347222 0.00859375 0.347222 0.009375 0.345833 0.0132813 0.345833 0.0140625 0.344444 0.015625 0.344444 0.0164062 0.343056 0.0179687 0.343056 0.0179687 0.341667 0.01875 0.340278 0.01875 0.338889 0.0203125 0.336111 0.0203125 0.323611 0.0195312 0.322222 0.0195312 0.320833 0.447627
0 0.520312 0.638889 0.520312 0.659722 0.521094 0.661111 0.521875 0.661111 0.522656 0.6625 0.524219 0.6625 0.525 0.663889 0.527344 0.663889 0.528125 0.665278 0.529688 0.665278 0.530469 0.666667 0.532812 0.666667 0.533594 0.668056 0.535156 0.668056 0.535937 0.669444 0.5375 0.669444 0.538281 0.670833 0.540625 0.670833 0.541406 0.672222 0.54375 0.672222 0.544531 0.673611 0.545313 0.673611 0.546094 0.675 0.546875 0.675 0.547656 0.676389 0.548437 0.676389 0.549219 0.677778 0.55 0.677778 0.550781 0.679167 0.551562 0.679167 0.553125 0.681944 0.553906 0.681944 0.554688 0.683333 0.55625 0.683333 0.557031 0.684722 0.558594 0.684722 0.559375 0.686111 0.5625 0.686111 0.563281 0.6875 0.566406 0.6875 0.567187 0.688889 0.570312 0.688889 0.571094 0.690278 0.589063 0.690278 0.589063 0.688889 0.590625 0.686111 0.590625 0.684722 0.591406 0.683333 0.591406 0.677778 0.592188 0.676389 0.592188 0.665278 0.586719 0.655556 0.585938 0.655556 0.582812 0.65 0.582031 0.65 0.580469 0.647222 0.579687 0.647222 0.578125 0.644444 0.577344 0.644444 0.574219 0.638889 0.337295
