0 0.701042 0.619444 0.701042 0.633333 0.702083 0.633333 0.702604 0.634259 0.704167 0.634259 0.704687 0.635185 0.70625 0.635185 0.706771 0.636111 0.708333 0.636111 0.708854 0.637037 0.709896 0.637037 0.710417 0.637963 0.711458 0.637963 0.711979 0.638889 0.713021 0.638889 0.713542 0.639815 0.723437 0.639815 0.723958 0.638889 0.724479 0.638889 0.724479 0.635185 0.723958 0.634259 0.723958 0.632407 0.723437 0.631481 0.723437 0.630556 0.722917 0.62963 0.722917 0.628704 0.721354 0.625926 0.721354 0.625 0.720833 0.624074 0.720312 0.624074 0.71875 0.621296 0.718229 0.621296 0.717188 0.619444 0.812113
0 0.630208 0.675 0.630208 0.685185 0.630729 0.686111 0.631771 0.686111 0.632292 0.687037 0.633333 0.687037 0.633854 0.687963 0.634375 0.687963 0.634896 0.688889 0.635938 0.688889 0.636458 0.689815 0.636979 0.689815 0.6375 0.690741 0.638542 0.690741 0.639063 0.691667 0.640104 0.691667 0.640625 0.692593 0.641667 0.692593 0.642187 0.693519 0.642708 0.693519 0.643229 0.694444 0.64375 0.694444 0.644271 0.69537 0.644792 0.69537 0.645312 0.696296 0.645833 0.696296 0.646354 0.697222 0.646875 0.697222 0.647396 0.698148 0.648958 0.698148 0.649479 0.699074 0.651042 0.699074 0.651563 0.7 0.654167 0.7 0.654688 0.700926 0.658333 0.700926 0.658854 0.701852 0.6625 0.701852 0.663021 0.702778 0.721875 0.702778 0.721875 0.699074 0.720312 0.696296 0.719792 0.696296 0.718229 0.693519 0.718229 0.692593 0.7125 0.682407 0.711979 0.682407 0.710938 0.680556 0.710417 0.680556 0.709896 0.67963 0.709375 0.67963 0.708854 0.678704 0.707812 0.678704 0.707292 0.677778 0.705729 0.677778 0.705208 0.676852 0.703646 0.676852 0.703125 0.675926 0.700521 0.675926 0.7 0.675 0.777808
0 0.492188 0.646296 0.491146 0.648148 0.491146 0.657407 0.509375 0.657407 0.510938 0.65463 0.510938 0.653704 0.511458 0.652778 0.511458 0.650926 0.511979 0.65 0.511979 0.646296 0.731092
0 0.769271 0.539815 0.769271 0.543519 0.769792 0.543519 0.770312 0.544444 0.771354 0.544444 0.771875 0.54537 0.772917 0.54537 0.773438 0.546296 0.773958 0.546296 0.774479 0.547222 0.775 0.547222 0.775521 0.548148 0.776042 0.548148 0.776563 0.549074 0.777083 0.549074 0.777604 0.55 0.794792 0.55 0.794792 0.546296 0.794271 0.546296 0.79375 0.54537 0.793229 0.54537 0.792708 0.544444 0.792188 0.544444 0.791667 0.543519 0.791146 0.543519 0.790625 0.542593 0.790104 0.542593 0.789583 0.541667 0.789062 0.541667 0.788021 0.539815 0.66251
2 0.597396 0.515741 0.597396 0.523148 0.631771 0.523148 0.632292 0.522222 0.634375 0.522222 0.634896 0.521296 0.634375 0.52037 0.633854 0.52037 0.633333 0.519444 0.632812 0.519444 0.632292 0.518519 0.630729 0.518519 0.630208 0.517593 0.628125 0.517593 0.627604 0.516667 0.622917 0.516667 0.622396 0.515741 0.653043
0 0.894792 0.711111 0.894792 0.716667 0.895833 0.716667 0.896354 0.717593 0.896875 0.717593 0.897396 0.718518 0.910417 0.718518 0.910417 0.717593 0.909896 0.716667 0.909896 0.714815 0.909375 0.713889 0.909375 0.712963 0.908854 0.712037 0.908854 0.711111 0.643435
0 0.655208 0.487963 0.655208 0.493519 0.667188 0.493519 0.667708 0.492593 0.66875 0.492593 0.669271 0.491667 0.670313 0.491667 0.670833 0.490741 0.671354 0.490741 0.672396 0.488889 0.672396 0.487963 0.407603
0 0.805729 0.558333 0.805729 0.560185 0.806771 0.562037 0.807292 0.562037 0.807813 0.562963 0.809896 0.562963 0.810417 0.563889 0.815625 0.563889 0.816146 0.564815 0.821354 0.564815 0.821875 0.565741 0.827083 0.565741 0.827083 0.564815 0.827604 0.563889 0.827604 0.562037 0.828125 0.561111 0.828125 0.559259 0.828646 0.558333 0.381446
1 0.384896 0.652778 0.384375 0.651852 0.382292 0.651852 0.381771 0.652778 0.381771 0.653704 0.38125 0.65463 0.38125 0.655556 0.380208 0.657407 0.380208 0.658333 0.373437 0.67037 0.372917 0.67037 0.372396 0.671296 0.371354 0.671296 0.370833 0.672222 0.369792 0.672222 0.369271 0.673148 0.368229 0.673148 0.367708 0.674074 0.366146 0.674074 0.366146 0.675926 0.366667 0.675926 0.367708 0.677778 0.367708 0.680556 0.368229 0.681481 0.368229 0.682407 0.370313 0.682407 0.370833 0.683333 0.373958 0.683333 0.374479 0.684259 0.377083 0.684259 0.377604 0.685185 0.385417 0.685185 0.385938 0.684259 0.394271 0.684259 0.394792 0.683333 0.410417 0.683333 0.410937 0.682407 0.415104 0.682407 0.413021 0.682407 0.4125 0.681481 0.410937 0.681481 0.410417 0.680556 0.408854 0.680556 0.408333 0.67963 0.405729 0.67963 0.405208 0.678704 0.395833 0.678704 0.395312 0.677778 0.39375 0.677778 0.393229 0.676852 0.392188 0.676852 0.391667 0.675926 0.391146 0.675926 0.390625 0.675 0.390104 0.675 0.389583 0.674074 0.389583 0.672222 0.389062 0.671296 0.389062 0.664815 0.388542 0.663889 0.388542 0.662963 0.3875 0.661111 0.3875 0.660185 0.385417 0.656482 0.385417 0.65463 0.384896 0.653704 0.384896 0.652778 0.386979 0.649074 0.3875 0.648148 0.388021 0.648148 0.386979 0.648148 0.386979 0.649074 0.34523
1 0.38125 0.653704 0.38125 0.65463 0.380729 0.655556 0.380729 0.656482 0.380208 0.657407 0.380208 0.658333 0.377604 0.662963 0.377604 0.663889 0.376042 0.666667 0.375521 0.666667 0.373437 0.67037 0.372917 0.67037 0.372396 0.671296 0.371354 0.671296 0.370833 0.672222 0.370833 0.682407 0.386458 0.682407 0.386458 0.677778 0.386979 0.676852 0.386979 0.672222 0.3875 0.671296 0.3875 0.669444 0.388021 0.668519 0.388021 0.665741 0.388542 0.664815 0.3875 0.662963 0.3875 0.662037 0.386979 0.661111 0.386979 0.660185 0.385938 0.658333 0.385938 0.657407 0.385417 0.656482 0.385417 0.655556 0.384896 0.65463 0.384896 0.653704 0.336665
